# _QL_REPLACED__INTEGERIZE_BN2D_UNSIGNED_ACT_PASS_0 (shape [25, 5, 64]),
120,
94,
0,
0,
92,
113,
0,
105,
255,
255,
0,
0,
255,
0,
255,
98,
248,
255,
0,
0,
0,
0,
255,
0,
7,
41,
226,
0,
0,
50,
167,
255,
255,
255,
172,
0,
0,
0,
0,
208,
137,
104,
189,
14,
60,
11,
255,
161,
0,
0,
213,
41,
117,
0,
0,
8,
255,
46,
228,
0,
0,
21,
14,
134,
25,
255,
0,
0,
12,
187,
20,
34,
255,
255,
0,
0,
255,
0,
255,
0,
255,
39,
212,
0,
47,
255,
255,
0,
0,
0,
117,
0,
0,
86,
255,
255,
131,
255,
255,
0,
0,
0,
13,
176,
255,
85,
112,
0,
255,
0,
255,
253,
118,
72,
72,
77,
252,
0,
0,
255,
255,
0,
255,
0,
112,
72,
78,
0,
26,
255,
0,
0,
13,
188,
20,
32,
255,
255,
0,
0,
255,
0,
255,
0,
255,
38,
216,
0,
46,
255,
255,
0,
0,
0,
118,
0,
0,
85,
255,
255,
129,
255,
255,
0,
0,
0,
14,
175,
255,
83,
112,
0,
255,
0,
255,
253,
116,
72,
71,
79,
255,
0,
0,
255,
255,
0,
255,
0,
110,
73,
77,
0,
25,
255,
0,
0,
12,
187,
20,
34,
255,
255,
0,
0,
255,
0,
255,
0,
255,
39,
212,
0,
47,
255,
255,
0,
0,
0,
117,
0,
0,
86,
255,
255,
131,
255,
255,
0,
0,
0,
13,
176,
255,
85,
112,
0,
255,
0,
255,
253,
118,
72,
72,
77,
252,
0,
0,
255,
255,
0,
255,
0,
112,
72,
78,
0,
0,
255,
40,
64,
0,
143,
8,
0,
58,
208,
0,
0,
122,
60,
110,
0,
255,
0,
255,
0,
52,
255,
255,
0,
0,
0,
219,
0,
51,
136,
255,
255,
11,
255,
255,
0,
71,
0,
21,
32,
255,
0,
255,
0,
255,
0,
252,
143,
0,
27,
0,
117,
255,
0,
0,
255,
83,
0,
255,
255,
14,
207,
0,
0,
0,
0,
0,
28,
67,
111,
0,
0,
255,
255,
0,
0,
255,
0,
255,
255,
91,
255,
0,
0,
108,
0,
255,
0,
0,
51,
227,
0,
0,
0,
0,
255,
157,
255,
232,
0,
0,
0,
0,
154,
0,
255,
255,
255,
255,
108,
255,
112,
0,
0,
196,
6,
79,
0,
0,
0,
255,
63,
174,
0,
0,
202,
0,
101,
0,
255,
0,
0,
97,
45,
0,
0,
255,
255,
0,
0,
255,
0,
255,
255,
255,
208,
70,
0,
203,
97,
255,
0,
163,
0,
255,
0,
0,
0,
131,
255,
0,
255,
255,
0,
0,
0,
117,
184,
255,
119,
255,
202,
255,
226,
255,
255,
188,
91,
39,
226,
255,
0,
111,
255,
255,
0,
255,
39,
0,
66,
255,
0,
0,
255,
0,
0,
98,
46,
0,
0,
255,
255,
0,
0,
255,
0,
255,
255,
255,
208,
73,
0,
201,
100,
255,
0,
162,
0,
255,
0,
0,
0,
131,
255,
0,
255,
255,
0,
0,
0,
118,
181,
255,
115,
255,
201,
255,
228,
255,
255,
189,
92,
39,
228,
255,
0,
111,
255,
255,
0,
255,
42,
0,
67,
255,
0,
0,
255,
0,
0,
97,
45,
0,
0,
255,
255,
0,
0,
255,
0,
255,
255,
255,
208,
70,
0,
203,
97,
255,
0,
163,
0,
255,
0,
0,
0,
131,
255,
0,
255,
255,
0,
0,
0,
117,
184,
255,
119,
255,
202,
255,
226,
255,
255,
188,
91,
39,
226,
255,
0,
111,
255,
255,
0,
255,
39,
0,
66,
255,
0,
0,
255,
74,
102,
85,
84,
0,
0,
255,
248,
0,
21,
153,
0,
0,
225,
255,
129,
195,
253,
85,
255,
255,
0,
54,
0,
255,
0,
255,
0,
215,
255,
0,
255,
255,
0,
97,
0,
196,
13,
255,
0,
255,
45,
255,
255,
255,
118,
170,
157,
25,
215,
255,
0,
131,
255,
255,
70,
208,
255,
0,
231,
120,
0,
8,
255,
0,
0,
125,
198,
0,
0,
255,
255,
0,
92,
255,
0,
255,
255,
182,
161,
49,
0,
121,
133,
255,
0,
95,
0,
255,
0,
0,
0,
0,
255,
255,
255,
255,
0,
66,
34,
0,
0,
51,
255,
255,
255,
255,
24,
255,
165,
0,
0,
243,
17,
0,
145,
0,
0,
255,
23,
255,
0,
0,
255,
0,
41,
0,
255,
0,
0,
19,
193,
0,
66,
255,
255,
0,
32,
255,
0,
255,
28,
255,
255,
161,
0,
255,
255,
255,
0,
255,
0,
255,
0,
0,
0,
0,
255,
29,
255,
255,
0,
9,
106,
227,
0,
255,
171,
255,
255,
255,
107,
255,
164,
123,
0,
162,
232,
38,
0,
0,
74,
255,
0,
255,
0,
0,
7,
0,
0,
0,
255,
0,
0,
20,
195,
0,
64,
255,
255,
0,
32,
255,
0,
255,
27,
255,
255,
164,
0,
255,
255,
255,
0,
255,
0,
255,
0,
0,
0,
0,
255,
26,
255,
255,
0,
7,
105,
229,
0,
255,
166,
255,
255,
255,
111,
255,
161,
124,
0,
162,
234,
40,
0,
0,
72,
255,
0,
255,
0,
0,
8,
0,
0,
0,
255,
0,
0,
19,
193,
0,
66,
255,
255,
0,
32,
255,
0,
255,
28,
255,
255,
161,
0,
255,
255,
255,
0,
255,
0,
255,
0,
0,
0,
0,
255,
29,
255,
255,
0,
9,
106,
227,
0,
255,
171,
255,
255,
255,
107,
255,
164,
123,
0,
162,
232,
38,
0,
0,
74,
255,
0,
255,
0,
0,
7,
0,
0,
0,
255,
94,
0,
6,
136,
0,
0,
255,
255,
0,
0,
255,
0,
193,
114,
196,
255,
255,
103,
255,
255,
255,
0,
221,
0,
255,
0,
0,
0,
0,
255,
0,
255,
255,
0,
38,
194,
255,
0,
255,
0,
255,
135,
255,
144,
255,
0,
171,
0,
26,
215,
79,
0,
8,
124,
187,
0,
188,
210,
0,
127,
0,
0,
0,
191,
0,
0,
0,
44,
0,
0,
255,
255,
0,
117,
255,
0,
255,
255,
246,
115,
0,
0,
125,
226,
255,
0,
106,
0,
255,
0,
0,
0,
0,
255,
255,
167,
255,
0,
0,
0,
0,
0,
138,
106,
255,
255,
177,
0,
255,
0,
0,
0,
255,
244,
0,
70,
0,
0,
255,
0,
255,
0,
0,
197,
0,
0,
0,
255,
0,
0,
0,
102,
0,
0,
255,
255,
80,
0,
255,
0,
255,
0,
255,
255,
91,
0,
255,
255,
255,
0,
227,
0,
255,
0,
0,
0,
20,
255,
0,
255,
255,
0,
0,
255,
255,
0,
255,
0,
163,
255,
255,
81,
255,
0,
110,
0,
255,
255,
0,
0,
0,
231,
255,
0,
255,
0,
0,
13,
0,
0,
0,
255,
0,
0,
0,
105,
0,
0,
255,
255,
77,
0,
255,
0,
255,
0,
255,
255,
93,
0,
255,
255,
255,
0,
228,
0,
255,
0,
0,
0,
21,
255,
0,
255,
255,
0,
0,
255,
255,
0,
255,
0,
163,
255,
255,
85,
255,
0,
110,
0,
255,
255,
0,
0,
0,
228,
255,
0,
255,
0,
0,
15,
0,
0,
0,
255,
0,
0,
0,
102,
0,
0,
255,
255,
80,
0,
255,
0,
255,
0,
255,
255,
91,
0,
255,
255,
255,
0,
227,
0,
255,
0,
0,
0,
20,
255,
0,
255,
255,
0,
0,
255,
255,
0,
255,
0,
163,
255,
255,
81,
255,
0,
110,
0,
255,
255,
0,
0,
0,
231,
255,
0,
255,
0,
0,
13,
0,
0,
0,
255,
197,
0,
0,
131,
0,
0,
255,
53,
0,
0,
17,
0,
0,
0,
189,
255,
255,
98,
255,
255,
255,
0,
255,
0,
255,
0,
0,
0,
163,
255,
0,
255,
255,
0,
0,
255,
255,
0,
255,
0,
244,
154,
255,
86,
255,
0,
55,
0,
156,
255,
0,
0,
47,
221,
0,
0,
255,
255,
0,
218,
0,
0,
0,
191,
0,
0,
0,
44,
0,
0,
255,
255,
0,
117,
255,
0,
255,
255,
246,
115,
0,
0,
125,
226,
255,
0,
106,
0,
255,
0,
0,
0,
0,
255,
255,
167,
255,
0,
0,
0,
0,
0,
138,
106,
255,
255,
177,
0,
255,
0,
0,
0,
255,
244,
0,
70,
0,
0,
255,
0,
255,
0,
0,
197,
0,
0,
0,
255,
0,
0,
0,
102,
0,
0,
255,
255,
80,
0,
255,
0,
255,
0,
255,
255,
91,
0,
255,
255,
255,
0,
227,
0,
255,
0,
0,
0,
20,
255,
0,
255,
255,
0,
0,
255,
255,
0,
255,
0,
163,
255,
255,
81,
255,
0,
110,
0,
255,
255,
0,
0,
0,
231,
255,
0,
255,
0,
0,
13,
0,
0,
0,
255,
0,
0,
0,
105,
0,
0,
255,
255,
77,
0,
255,
0,
255,
0,
255,
255,
93,
0,
255,
255,
255,
0,
228,
0,
255,
0,
0,
0,
21,
255,
0,
255,
255,
0,
0,
255,
255,
0,
255,
0,
163,
255,
255,
85,
255,
0,
110,
0,
255,
255,
0,
0,
0,
228,
255,
0,
255,
0,
0,
15,
0,
0,
0,
255,
0,
0,
0,
102,
0,
0,
255,
255,
80,
0,
255,
0,
255,
0,
255,
255,
91,
0,
255,
255,
255,
0,
227,
0,
255,
0,
0,
0,
20,
255,
0,
255,
255,
0,
0,
255,
255,
0,
255,
0,
163,
255,
255,
81,
255,
0,
110,
0,
255,
255,
0,
0,
0,
231,
255,
0,
255,
0,
0,
13,
0,
0,
0,
255,
197,
0,
0,
131,
0,
0,
255,
53,
0,
0,
17,
0,
0,
0,
189,
255,
255,
98,
255,
255,
255,
0,
255,
0,
255,
0,
0,
0,
163,
255,
0,
255,
255,
0,
0,
255,
255,
0,
255,
0,
244,
154,
255,
86,
255,
0,
55,
0,
156,
255,
0,
0,
47,
221,
0,
0,
255,
255,
0,
218,
0,
0,
0,
191,
0,
0,
0,
44,
0,
0,
255,
255,
0,
117,
255,
0,
255,
255,
246,
115,
0,
0,
125,
226,
255,
0,
106,
0,
255,
0,
0,
0,
0,
255,
255,
167,
255,
0,
0,
0,
0,
0,
138,
106,
255,
255,
177,
0,
255,
0,
0,
0,
255,
244,
0,
70,
0,
0,
255,
0,
255,
0,
0,
197,
0,
0,
0,
255,
0,
0,
0,
102,
0,
0,
255,
255,
80,
0,
255,
0,
255,
0,
255,
255,
91,
0,
255,
255,
255,
0,
227,
0,
255,
0,
0,
0,
20,
255,
0,
255,
255,
0,
0,
255,
255,
0,
255,
0,
163,
255,
255,
81,
255,
0,
110,
0,
255,
255,
0,
0,
0,
231,
255,
0,
255,
0,
0,
13,
0,
0,
0,
255,
0,
0,
0,
105,
0,
0,
255,
255,
77,
0,
255,
0,
255,
0,
255,
255,
93,
0,
255,
255,
255,
0,
228,
0,
255,
0,
0,
0,
21,
255,
0,
255,
255,
0,
0,
255,
255,
0,
255,
0,
163,
255,
255,
85,
255,
0,
110,
0,
255,
255,
0,
0,
0,
228,
255,
0,
255,
0,
0,
15,
0,
0,
0,
255,
0,
0,
0,
102,
0,
0,
255,
255,
80,
0,
255,
0,
255,
0,
255,
255,
91,
0,
255,
255,
255,
0,
227,
0,
255,
0,
0,
0,
20,
255,
0,
255,
255,
0,
0,
255,
255,
0,
255,
0,
163,
255,
255,
81,
255,
0,
110,
0,
255,
255,
0,
0,
0,
231,
255,
0,
255,
0,
0,
13,
0,
0,
0,
255,
197,
0,
0,
131,
0,
0,
255,
53,
0,
0,
17,
0,
0,
0,
189,
255,
255,
98,
255,
255,
255,
0,
255,
0,
255,
0,
0,
0,
163,
255,
0,
255,
255,
0,
0,
255,
255,
0,
255,
0,
244,
154,
255,
86,
255,
0,
55,
0,
156,
255,
0,
0,
47,
221,
0,
0,
255,
255,
0,
218,
0,
0,
0,
191,
0,
0,
0,
44,
0,
0,
255,
255,
0,
117,
255,
0,
255,
255,
246,
115,
0,
0,
125,
226,
255,
0,
106,
0,
255,
0,
0,
0,
0,
255,
255,
167,
255,
0,
0,
0,
0,
0,
138,
106,
255,
255,
177,
0,
255,
0,
0,
0,
255,
244,
0,
70,
0,
0,
255,
0,
255,
0,
0,
197,
0,
0,
0,
255,
0,
0,
0,
102,
0,
0,
255,
255,
80,
0,
255,
0,
255,
0,
255,
255,
91,
0,
255,
255,
255,
0,
227,
0,
255,
0,
0,
0,
20,
255,
0,
255,
255,
0,
0,
255,
255,
0,
255,
0,
163,
255,
255,
81,
255,
0,
110,
0,
255,
255,
0,
0,
0,
231,
255,
0,
255,
0,
0,
13,
0,
0,
0,
255,
0,
0,
0,
105,
0,
0,
255,
255,
77,
0,
255,
0,
255,
0,
255,
255,
93,
0,
255,
255,
255,
0,
228,
0,
255,
0,
0,
0,
21,
255,
0,
255,
255,
0,
0,
255,
255,
0,
255,
0,
163,
255,
255,
85,
255,
0,
110,
0,
255,
255,
0,
0,
0,
228,
255,
0,
255,
0,
0,
15,
0,
0,
0,
255,
0,
0,
0,
102,
0,
0,
255,
255,
80,
0,
255,
0,
255,
0,
255,
255,
91,
0,
255,
255,
255,
0,
227,
0,
255,
0,
0,
0,
20,
255,
0,
255,
255,
0,
0,
255,
255,
0,
255,
0,
163,
255,
255,
81,
255,
0,
110,
0,
255,
255,
0,
0,
0,
231,
255,
0,
255,
0,
0,
13,
0,
0,
0,
255,
197,
0,
0,
131,
0,
0,
255,
53,
0,
0,
17,
0,
0,
0,
189,
255,
255,
98,
255,
255,
255,
0,
255,
0,
255,
0,
0,
0,
163,
255,
0,
255,
255,
0,
0,
255,
255,
0,
255,
0,
244,
154,
255,
86,
255,
0,
55,
0,
156,
255,
0,
0,
47,
221,
0,
0,
255,
255,
0,
218,
0,
0,
0,
191,
0,
0,
0,
44,
0,
0,
255,
255,
0,
117,
255,
0,
255,
255,
246,
115,
0,
0,
125,
226,
255,
0,
106,
0,
255,
0,
0,
0,
0,
255,
255,
167,
255,
0,
0,
0,
0,
0,
138,
106,
255,
255,
177,
0,
255,
0,
0,
0,
255,
244,
0,
70,
0,
0,
255,
0,
255,
0,
0,
197,
0,
0,
0,
255,
0,
0,
0,
102,
0,
0,
255,
255,
80,
0,
255,
0,
255,
0,
255,
255,
91,
0,
255,
255,
255,
0,
227,
0,
255,
0,
0,
0,
20,
255,
0,
255,
255,
0,
0,
255,
255,
0,
255,
0,
163,
255,
255,
81,
255,
0,
110,
0,
255,
255,
0,
0,
0,
231,
255,
0,
255,
0,
0,
13,
0,
0,
0,
255,
0,
0,
0,
105,
0,
0,
255,
255,
77,
0,
255,
0,
255,
0,
255,
255,
93,
0,
255,
255,
255,
0,
228,
0,
255,
0,
0,
0,
21,
255,
0,
255,
255,
0,
0,
255,
255,
0,
255,
0,
163,
255,
255,
85,
255,
0,
110,
0,
255,
255,
0,
0,
0,
228,
255,
0,
255,
0,
0,
15,
0,
0,
0,
255,
0,
0,
0,
102,
0,
0,
255,
255,
80,
0,
255,
0,
255,
0,
255,
255,
91,
0,
255,
255,
255,
0,
227,
0,
255,
0,
0,
0,
20,
255,
0,
255,
255,
0,
0,
255,
255,
0,
255,
0,
163,
255,
255,
81,
255,
0,
110,
0,
255,
255,
0,
0,
0,
231,
255,
0,
255,
0,
0,
13,
0,
0,
0,
255,
197,
0,
0,
131,
0,
0,
255,
53,
0,
0,
17,
0,
0,
0,
189,
255,
255,
98,
255,
255,
255,
0,
255,
0,
255,
0,
0,
0,
163,
255,
0,
255,
255,
0,
0,
255,
255,
0,
255,
0,
244,
154,
255,
86,
255,
0,
55,
0,
156,
255,
0,
0,
47,
221,
0,
0,
255,
255,
0,
218,
0,
0,
0,
191,
0,
0,
0,
44,
0,
0,
255,
255,
0,
117,
255,
0,
255,
255,
246,
115,
0,
0,
125,
226,
255,
0,
106,
0,
255,
0,
0,
0,
0,
255,
255,
167,
255,
0,
0,
0,
0,
0,
138,
106,
255,
255,
177,
0,
255,
0,
0,
0,
255,
244,
0,
70,
0,
0,
255,
0,
255,
0,
0,
197,
0,
0,
0,
255,
0,
0,
0,
102,
0,
0,
255,
255,
80,
0,
255,
0,
255,
0,
255,
255,
91,
0,
255,
255,
255,
0,
227,
0,
255,
0,
0,
0,
20,
255,
0,
255,
255,
0,
0,
255,
255,
0,
255,
0,
163,
255,
255,
81,
255,
0,
110,
0,
255,
255,
0,
0,
0,
231,
255,
0,
255,
0,
0,
13,
0,
0,
0,
255,
0,
0,
0,
105,
0,
0,
255,
255,
77,
0,
255,
0,
255,
0,
255,
255,
93,
0,
255,
255,
255,
0,
228,
0,
255,
0,
0,
0,
21,
255,
0,
255,
255,
0,
0,
255,
255,
0,
255,
0,
163,
255,
255,
85,
255,
0,
110,
0,
255,
255,
0,
0,
0,
228,
255,
0,
255,
0,
0,
15,
0,
0,
0,
255,
0,
0,
0,
102,
0,
0,
255,
255,
80,
0,
255,
0,
255,
0,
255,
255,
91,
0,
255,
255,
255,
0,
227,
0,
255,
0,
0,
0,
20,
255,
0,
255,
255,
0,
0,
255,
255,
0,
255,
0,
163,
255,
255,
81,
255,
0,
110,
0,
255,
255,
0,
0,
0,
231,
255,
0,
255,
0,
0,
13,
0,
0,
0,
255,
197,
0,
0,
131,
0,
0,
255,
53,
0,
0,
17,
0,
0,
0,
189,
255,
255,
98,
255,
255,
255,
0,
255,
0,
255,
0,
0,
0,
163,
255,
0,
255,
255,
0,
0,
255,
255,
0,
255,
0,
244,
154,
255,
86,
255,
0,
55,
0,
156,
255,
0,
0,
47,
221,
0,
0,
255,
255,
0,
218,
0,
0,
0,
191,
0,
0,
0,
44,
0,
0,
255,
255,
0,
117,
255,
0,
255,
255,
246,
115,
0,
0,
125,
226,
255,
0,
106,
0,
255,
0,
0,
0,
0,
255,
255,
167,
255,
0,
0,
0,
0,
0,
138,
106,
255,
255,
177,
0,
255,
0,
0,
0,
255,
244,
0,
70,
0,
0,
255,
0,
255,
0,
0,
197,
0,
0,
0,
255,
0,
0,
0,
102,
0,
0,
255,
255,
80,
0,
255,
0,
255,
0,
255,
255,
91,
0,
255,
255,
255,
0,
227,
0,
255,
0,
0,
0,
20,
255,
0,
255,
255,
0,
0,
255,
255,
0,
255,
0,
163,
255,
255,
81,
255,
0,
110,
0,
255,
255,
0,
0,
0,
231,
255,
0,
255,
0,
0,
13,
0,
0,
0,
255,
0,
0,
0,
105,
0,
0,
255,
255,
77,
0,
255,
0,
255,
0,
255,
255,
93,
0,
255,
255,
255,
0,
228,
0,
255,
0,
0,
0,
21,
255,
0,
255,
255,
0,
0,
255,
255,
0,
255,
0,
163,
255,
255,
85,
255,
0,
110,
0,
255,
255,
0,
0,
0,
228,
255,
0,
255,
0,
0,
15,
0,
0,
0,
255,
0,
0,
0,
102,
0,
0,
255,
255,
80,
0,
255,
0,
255,
0,
255,
255,
91,
0,
255,
255,
255,
0,
227,
0,
255,
0,
0,
0,
20,
255,
0,
255,
255,
0,
0,
255,
255,
0,
255,
0,
163,
255,
255,
81,
255,
0,
110,
0,
255,
255,
0,
0,
0,
231,
255,
0,
255,
0,
0,
13,
0,
0,
0,
255,
197,
0,
0,
131,
0,
0,
255,
53,
0,
0,
17,
0,
0,
0,
189,
255,
255,
98,
255,
255,
255,
0,
255,
0,
255,
0,
0,
0,
163,
255,
0,
255,
255,
0,
0,
255,
255,
0,
255,
0,
244,
154,
255,
86,
255,
0,
55,
0,
156,
255,
0,
0,
47,
221,
0,
0,
255,
255,
0,
218,
0,
0,
0,
191,
0,
0,
0,
44,
0,
0,
255,
255,
0,
117,
255,
0,
255,
255,
246,
115,
0,
0,
125,
226,
255,
0,
106,
0,
255,
0,
0,
0,
0,
255,
255,
167,
255,
0,
0,
0,
0,
0,
138,
106,
255,
255,
177,
0,
255,
0,
0,
0,
255,
244,
0,
70,
0,
0,
255,
0,
255,
0,
0,
197,
0,
0,
0,
255,
0,
0,
0,
102,
0,
0,
255,
255,
80,
0,
255,
0,
255,
0,
255,
255,
91,
0,
255,
255,
255,
0,
227,
0,
255,
0,
0,
0,
20,
255,
0,
255,
255,
0,
0,
255,
255,
0,
255,
0,
163,
255,
255,
81,
255,
0,
110,
0,
255,
255,
0,
0,
0,
231,
255,
0,
255,
0,
0,
13,
0,
0,
0,
255,
0,
0,
0,
105,
0,
0,
255,
255,
77,
0,
255,
0,
255,
0,
255,
255,
93,
0,
255,
255,
255,
0,
228,
0,
255,
0,
0,
0,
21,
255,
0,
255,
255,
0,
0,
255,
255,
0,
255,
0,
163,
255,
255,
85,
255,
0,
110,
0,
255,
255,
0,
0,
0,
228,
255,
0,
255,
0,
0,
15,
0,
0,
0,
255,
0,
0,
0,
102,
0,
0,
255,
255,
80,
0,
255,
0,
255,
0,
255,
255,
91,
0,
255,
255,
255,
0,
227,
0,
255,
0,
0,
0,
20,
255,
0,
255,
255,
0,
0,
255,
255,
0,
255,
0,
163,
255,
255,
81,
255,
0,
110,
0,
255,
255,
0,
0,
0,
231,
255,
0,
255,
0,
0,
13,
0,
0,
0,
255,
197,
0,
0,
131,
0,
0,
255,
53,
0,
0,
17,
0,
0,
0,
189,
255,
255,
98,
255,
255,
255,
0,
255,
0,
255,
0,
0,
0,
163,
255,
0,
255,
255,
0,
0,
255,
255,
0,
255,
0,
244,
154,
255,
86,
255,
0,
55,
0,
156,
255,
0,
0,
47,
221,
0,
0,
255,
255,
0,
218,
0,
0,
0,
191,
0,
0,
0,
44,
0,
0,
255,
255,
0,
117,
255,
0,
255,
255,
246,
115,
0,
0,
125,
226,
255,
0,
106,
0,
255,
0,
0,
0,
0,
255,
255,
167,
255,
0,
0,
0,
0,
0,
138,
106,
255,
255,
177,
0,
255,
0,
0,
0,
255,
244,
0,
70,
0,
0,
255,
0,
255,
0,
0,
197,
0,
0,
0,
255,
0,
0,
0,
102,
0,
0,
255,
255,
80,
0,
255,
0,
255,
0,
255,
255,
91,
0,
255,
255,
255,
0,
227,
0,
255,
0,
0,
0,
20,
255,
0,
255,
255,
0,
0,
255,
255,
0,
255,
0,
163,
255,
255,
81,
255,
0,
110,
0,
255,
255,
0,
0,
0,
231,
255,
0,
255,
0,
0,
13,
0,
0,
0,
255,
0,
0,
0,
105,
0,
0,
255,
255,
77,
0,
255,
0,
255,
0,
255,
255,
93,
0,
255,
255,
255,
0,
228,
0,
255,
0,
0,
0,
21,
255,
0,
255,
255,
0,
0,
255,
255,
0,
255,
0,
163,
255,
255,
85,
255,
0,
110,
0,
255,
255,
0,
0,
0,
228,
255,
0,
255,
0,
0,
15,
0,
0,
0,
255,
0,
0,
0,
102,
0,
0,
255,
255,
80,
0,
255,
0,
255,
0,
255,
255,
91,
0,
255,
255,
255,
0,
227,
0,
255,
0,
0,
0,
20,
255,
0,
255,
255,
0,
0,
255,
255,
0,
255,
0,
163,
255,
255,
81,
255,
0,
110,
0,
255,
255,
0,
0,
0,
231,
255,
0,
255,
0,
0,
13,
0,
0,
0,
255,
197,
0,
0,
131,
0,
0,
255,
53,
0,
0,
17,
0,
0,
0,
189,
255,
255,
98,
255,
255,
255,
0,
255,
0,
255,
0,
0,
0,
163,
255,
0,
255,
255,
0,
0,
255,
255,
0,
255,
0,
244,
154,
255,
86,
255,
0,
55,
0,
156,
255,
0,
0,
47,
221,
0,
0,
255,
255,
0,
218,
0,
0,
0,
191,
0,
0,
0,
44,
0,
0,
255,
255,
0,
117,
255,
0,
255,
255,
246,
115,
0,
0,
125,
226,
255,
0,
106,
0,
255,
0,
0,
0,
0,
255,
255,
167,
255,
0,
0,
0,
0,
0,
138,
106,
255,
255,
177,
0,
255,
0,
0,
0,
255,
244,
0,
70,
0,
0,
255,
0,
255,
0,
0,
197,
0,
0,
0,
255,
0,
0,
0,
102,
0,
0,
255,
255,
80,
0,
255,
0,
255,
0,
255,
255,
91,
0,
255,
255,
255,
0,
227,
0,
255,
0,
0,
0,
20,
255,
0,
255,
255,
0,
0,
255,
255,
0,
255,
0,
163,
255,
255,
81,
255,
0,
110,
0,
255,
255,
0,
0,
0,
231,
255,
0,
255,
0,
0,
13,
0,
0,
0,
255,
0,
0,
0,
105,
0,
0,
255,
255,
77,
0,
255,
0,
255,
0,
255,
255,
93,
0,
255,
255,
255,
0,
228,
0,
255,
0,
0,
0,
21,
255,
0,
255,
255,
0,
0,
255,
255,
0,
255,
0,
163,
255,
255,
85,
255,
0,
110,
0,
255,
255,
0,
0,
0,
228,
255,
0,
255,
0,
0,
15,
0,
0,
0,
255,
0,
0,
0,
102,
0,
0,
255,
255,
80,
0,
255,
0,
255,
0,
255,
255,
91,
0,
255,
255,
255,
0,
227,
0,
255,
0,
0,
0,
20,
255,
0,
255,
255,
0,
0,
255,
255,
0,
255,
0,
163,
255,
255,
81,
255,
0,
110,
0,
255,
255,
0,
0,
0,
231,
255,
0,
255,
0,
0,
13,
0,
0,
0,
255,
197,
0,
0,
131,
0,
0,
255,
53,
0,
0,
17,
0,
0,
0,
189,
255,
255,
98,
255,
255,
255,
0,
255,
0,
255,
0,
0,
0,
163,
255,
0,
255,
255,
0,
0,
255,
255,
0,
255,
0,
244,
154,
255,
86,
255,
0,
55,
0,
156,
255,
0,
0,
47,
221,
0,
0,
255,
255,
0,
218,
0,
0,
0,
191,
0,
0,
0,
44,
0,
0,
255,
255,
0,
117,
255,
0,
255,
255,
246,
115,
0,
0,
125,
226,
255,
0,
106,
0,
255,
0,
0,
0,
0,
255,
255,
167,
255,
0,
0,
0,
0,
0,
138,
106,
255,
255,
177,
0,
255,
0,
0,
0,
255,
244,
0,
70,
0,
0,
255,
0,
255,
0,
0,
197,
0,
0,
0,
255,
0,
0,
0,
102,
0,
0,
255,
255,
80,
0,
255,
0,
255,
0,
255,
255,
91,
0,
255,
255,
255,
0,
227,
0,
255,
0,
0,
0,
20,
255,
0,
255,
255,
0,
0,
255,
255,
0,
255,
0,
163,
255,
255,
81,
255,
0,
110,
0,
255,
255,
0,
0,
0,
231,
255,
0,
255,
0,
0,
13,
0,
0,
0,
255,
0,
0,
0,
105,
0,
0,
255,
255,
77,
0,
255,
0,
255,
0,
255,
255,
93,
0,
255,
255,
255,
0,
228,
0,
255,
0,
0,
0,
21,
255,
0,
255,
255,
0,
0,
255,
255,
0,
255,
0,
163,
255,
255,
85,
255,
0,
110,
0,
255,
255,
0,
0,
0,
228,
255,
0,
255,
0,
0,
15,
0,
0,
0,
255,
0,
0,
0,
102,
0,
0,
255,
255,
80,
0,
255,
0,
255,
0,
255,
255,
91,
0,
255,
255,
255,
0,
227,
0,
255,
0,
0,
0,
20,
255,
0,
255,
255,
0,
0,
255,
255,
0,
255,
0,
163,
255,
255,
81,
255,
0,
110,
0,
255,
255,
0,
0,
0,
231,
255,
0,
255,
0,
0,
13,
0,
0,
0,
255,
197,
0,
0,
131,
0,
0,
255,
53,
0,
0,
17,
0,
0,
0,
189,
255,
255,
98,
255,
255,
255,
0,
255,
0,
255,
0,
0,
0,
163,
255,
0,
255,
255,
0,
0,
255,
255,
0,
255,
0,
244,
154,
255,
86,
255,
0,
55,
0,
156,
255,
0,
0,
47,
221,
0,
0,
255,
255,
0,
218,
0,
0,
0,
191,
0,
0,
0,
44,
0,
0,
255,
255,
0,
117,
255,
0,
255,
255,
246,
115,
0,
0,
125,
226,
255,
0,
106,
0,
255,
0,
0,
0,
0,
255,
255,
167,
255,
0,
0,
0,
0,
0,
138,
106,
255,
255,
177,
0,
255,
0,
0,
0,
255,
244,
0,
70,
0,
0,
255,
0,
255,
0,
0,
197,
0,
0,
0,
255,
0,
0,
0,
102,
0,
0,
255,
255,
80,
0,
255,
0,
255,
0,
255,
255,
91,
0,
255,
255,
255,
0,
227,
0,
255,
0,
0,
0,
20,
255,
0,
255,
255,
0,
0,
255,
255,
0,
255,
0,
163,
255,
255,
81,
255,
0,
110,
0,
255,
255,
0,
0,
0,
231,
255,
0,
255,
0,
0,
13,
0,
0,
0,
255,
0,
0,
0,
105,
0,
0,
255,
255,
77,
0,
255,
0,
255,
0,
255,
255,
93,
0,
255,
255,
255,
0,
228,
0,
255,
0,
0,
0,
21,
255,
0,
255,
255,
0,
0,
255,
255,
0,
255,
0,
163,
255,
255,
85,
255,
0,
110,
0,
255,
255,
0,
0,
0,
228,
255,
0,
255,
0,
0,
15,
0,
0,
0,
255,
0,
0,
0,
102,
0,
0,
255,
255,
80,
0,
255,
0,
255,
0,
255,
255,
91,
0,
255,
255,
255,
0,
227,
0,
255,
0,
0,
0,
20,
255,
0,
255,
255,
0,
0,
255,
255,
0,
255,
0,
163,
255,
255,
81,
255,
0,
110,
0,
255,
255,
0,
0,
0,
231,
255,
0,
255,
0,
0,
13,
0,
0,
0,
255,
197,
0,
0,
131,
0,
0,
255,
53,
0,
0,
17,
0,
0,
0,
189,
255,
255,
98,
255,
255,
255,
0,
255,
0,
255,
0,
0,
0,
163,
255,
0,
255,
255,
0,
0,
255,
255,
0,
255,
0,
244,
154,
255,
86,
255,
0,
55,
0,
156,
255,
0,
0,
47,
221,
0,
0,
255,
255,
0,
218,
0,
0,
0,
191,
0,
0,
0,
44,
0,
0,
255,
255,
0,
117,
255,
0,
255,
255,
246,
115,
0,
0,
125,
226,
255,
0,
106,
0,
255,
0,
0,
0,
0,
255,
255,
167,
255,
0,
0,
0,
0,
0,
138,
106,
255,
255,
177,
0,
255,
0,
0,
0,
255,
244,
0,
70,
0,
0,
255,
0,
255,
0,
0,
197,
0,
0,
0,
255,
0,
0,
0,
102,
0,
0,
255,
255,
80,
0,
255,
0,
255,
0,
255,
255,
91,
0,
255,
255,
255,
0,
227,
0,
255,
0,
0,
0,
20,
255,
0,
255,
255,
0,
0,
255,
255,
0,
255,
0,
163,
255,
255,
81,
255,
0,
110,
0,
255,
255,
0,
0,
0,
231,
255,
0,
255,
0,
0,
13,
0,
0,
0,
255,
0,
0,
0,
105,
0,
0,
255,
255,
77,
0,
255,
0,
255,
0,
255,
255,
93,
0,
255,
255,
255,
0,
228,
0,
255,
0,
0,
0,
21,
255,
0,
255,
255,
0,
0,
255,
255,
0,
255,
0,
163,
255,
255,
85,
255,
0,
110,
0,
255,
255,
0,
0,
0,
228,
255,
0,
255,
0,
0,
15,
0,
0,
0,
255,
0,
0,
0,
102,
0,
0,
255,
255,
80,
0,
255,
0,
255,
0,
255,
255,
91,
0,
255,
255,
255,
0,
227,
0,
255,
0,
0,
0,
20,
255,
0,
255,
255,
0,
0,
255,
255,
0,
255,
0,
163,
255,
255,
81,
255,
0,
110,
0,
255,
255,
0,
0,
0,
231,
255,
0,
255,
0,
0,
13,
0,
0,
0,
255,
197,
0,
0,
131,
0,
0,
255,
53,
0,
0,
17,
0,
0,
0,
189,
255,
255,
98,
255,
255,
255,
0,
255,
0,
255,
0,
0,
0,
163,
255,
0,
255,
255,
0,
0,
255,
255,
0,
255,
0,
244,
154,
255,
86,
255,
0,
55,
0,
156,
255,
0,
0,
47,
221,
0,
0,
255,
255,
0,
218,
0,
0,
0,
191,
0,
0,
0,
44,
0,
0,
255,
255,
0,
117,
255,
0,
255,
255,
246,
115,
0,
0,
125,
226,
255,
0,
106,
0,
255,
0,
0,
0,
0,
255,
255,
167,
255,
0,
0,
0,
0,
0,
138,
106,
255,
255,
177,
0,
255,
0,
0,
0,
255,
244,
0,
70,
0,
0,
255,
0,
255,
0,
0,
197,
0,
0,
0,
255,
0,
0,
0,
102,
0,
0,
255,
255,
80,
0,
255,
0,
255,
0,
255,
255,
91,
0,
255,
255,
255,
0,
227,
0,
255,
0,
0,
0,
20,
255,
0,
255,
255,
0,
0,
255,
255,
0,
255,
0,
163,
255,
255,
81,
255,
0,
110,
0,
255,
255,
0,
0,
0,
231,
255,
0,
255,
0,
0,
13,
0,
0,
0,
255,
0,
0,
0,
105,
0,
0,
255,
255,
77,
0,
255,
0,
255,
0,
255,
255,
93,
0,
255,
255,
255,
0,
228,
0,
255,
0,
0,
0,
21,
255,
0,
255,
255,
0,
0,
255,
255,
0,
255,
0,
163,
255,
255,
85,
255,
0,
110,
0,
255,
255,
0,
0,
0,
228,
255,
0,
255,
0,
0,
15,
0,
0,
0,
255,
0,
0,
0,
102,
0,
0,
255,
255,
80,
0,
255,
0,
255,
0,
255,
255,
91,
0,
255,
255,
255,
0,
227,
0,
255,
0,
0,
0,
20,
255,
0,
255,
255,
0,
0,
255,
255,
0,
255,
0,
163,
255,
255,
81,
255,
0,
110,
0,
255,
255,
0,
0,
0,
231,
255,
0,
255,
0,
0,
13,
0,
0,
0,
255,
197,
0,
0,
131,
0,
0,
255,
53,
0,
0,
17,
0,
0,
0,
189,
255,
255,
98,
255,
255,
255,
0,
255,
0,
255,
0,
0,
0,
163,
255,
0,
255,
255,
0,
0,
255,
255,
0,
255,
0,
244,
154,
255,
86,
255,
0,
55,
0,
156,
255,
0,
0,
47,
221,
0,
0,
255,
255,
0,
218,
0,
0,
0,
191,
0,
0,
0,
44,
0,
0,
255,
255,
0,
117,
255,
0,
255,
255,
246,
115,
0,
0,
125,
226,
255,
0,
106,
0,
255,
0,
0,
0,
0,
255,
255,
167,
255,
0,
0,
0,
0,
0,
138,
106,
255,
255,
177,
0,
255,
0,
0,
0,
255,
244,
0,
70,
0,
0,
255,
0,
255,
0,
0,
197,
0,
0,
0,
255,
0,
0,
0,
102,
0,
0,
255,
255,
80,
0,
255,
0,
255,
0,
255,
255,
91,
0,
255,
255,
255,
0,
227,
0,
255,
0,
0,
0,
20,
255,
0,
255,
255,
0,
0,
255,
255,
0,
255,
0,
163,
255,
255,
81,
255,
0,
110,
0,
255,
255,
0,
0,
0,
231,
255,
0,
255,
0,
0,
13,
0,
0,
0,
255,
0,
0,
0,
105,
0,
0,
255,
255,
77,
0,
255,
0,
255,
0,
255,
255,
93,
0,
255,
255,
255,
0,
228,
0,
255,
0,
0,
0,
21,
255,
0,
255,
255,
0,
0,
255,
255,
0,
255,
0,
163,
255,
255,
85,
255,
0,
110,
0,
255,
255,
0,
0,
0,
228,
255,
0,
255,
0,
0,
15,
0,
0,
0,
255,
0,
0,
0,
102,
0,
0,
255,
255,
80,
0,
255,
0,
255,
0,
255,
255,
91,
0,
255,
255,
255,
0,
227,
0,
255,
0,
0,
0,
20,
255,
0,
255,
255,
0,
0,
255,
255,
0,
255,
0,
163,
255,
255,
81,
255,
0,
110,
0,
255,
255,
0,
0,
0,
231,
255,
0,
255,
0,
0,
13,
0,
0,
0,
255,
197,
0,
0,
131,
0,
0,
255,
53,
0,
0,
17,
0,
0,
0,
189,
255,
255,
98,
255,
255,
255,
0,
255,
0,
255,
0,
0,
0,
163,
255,
0,
255,
255,
0,
0,
255,
255,
0,
255,
0,
244,
154,
255,
86,
255,
0,
55,
0,
156,
255,
0,
0,
47,
221,
0,
0,
255,
255,
0,
218,
0,
0,
0,
191,
0,
0,
0,
44,
0,
0,
255,
255,
0,
117,
255,
0,
255,
255,
246,
115,
0,
0,
125,
226,
255,
0,
106,
0,
255,
0,
0,
0,
0,
255,
255,
167,
255,
0,
0,
0,
0,
0,
138,
106,
255,
255,
177,
0,
255,
0,
0,
0,
255,
244,
0,
70,
0,
0,
255,
0,
255,
0,
0,
197,
0,
0,
0,
255,
0,
0,
0,
102,
0,
0,
255,
255,
80,
0,
255,
0,
255,
0,
255,
255,
91,
0,
255,
255,
255,
0,
227,
0,
255,
0,
0,
0,
20,
255,
0,
255,
255,
0,
0,
255,
255,
0,
255,
0,
163,
255,
255,
81,
255,
0,
110,
0,
255,
255,
0,
0,
0,
231,
255,
0,
255,
0,
0,
13,
0,
0,
0,
255,
0,
0,
0,
105,
0,
0,
255,
255,
77,
0,
255,
0,
255,
0,
255,
255,
93,
0,
255,
255,
255,
0,
228,
0,
255,
0,
0,
0,
21,
255,
0,
255,
255,
0,
0,
255,
255,
0,
255,
0,
163,
255,
255,
85,
255,
0,
110,
0,
255,
255,
0,
0,
0,
228,
255,
0,
255,
0,
0,
15,
0,
0,
0,
255,
0,
0,
0,
102,
0,
0,
255,
255,
80,
0,
255,
0,
255,
0,
255,
255,
91,
0,
255,
255,
255,
0,
227,
0,
255,
0,
0,
0,
20,
255,
0,
255,
255,
0,
0,
255,
255,
0,
255,
0,
163,
255,
255,
81,
255,
0,
110,
0,
255,
255,
0,
0,
0,
231,
255,
0,
255,
0,
0,
13,
0,
0,
0,
255,
197,
0,
0,
131,
0,
0,
255,
53,
0,
0,
17,
0,
0,
0,
189,
255,
255,
98,
255,
255,
255,
0,
255,
0,
255,
0,
0,
0,
163,
255,
0,
255,
255,
0,
0,
255,
255,
0,
255,
0,
244,
154,
255,
86,
255,
0,
55,
0,
156,
255,
0,
0,
47,
221,
0,
0,
255,
255,
0,
218,
0,
0,
0,
191,
0,
0,
0,
44,
0,
0,
255,
255,
0,
117,
255,
0,
255,
255,
246,
115,
0,
0,
125,
226,
255,
0,
106,
0,
255,
0,
0,
0,
0,
255,
255,
167,
255,
0,
0,
0,
0,
0,
138,
106,
255,
255,
177,
0,
255,
0,
0,
0,
255,
244,
0,
70,
0,
0,
255,
0,
255,
0,
0,
197,
0,
0,
0,
255,
0,
0,
0,
102,
0,
0,
255,
255,
80,
0,
255,
0,
255,
0,
255,
255,
91,
0,
255,
255,
255,
0,
227,
0,
255,
0,
0,
0,
20,
255,
0,
255,
255,
0,
0,
255,
255,
0,
255,
0,
163,
255,
255,
81,
255,
0,
110,
0,
255,
255,
0,
0,
0,
231,
255,
0,
255,
0,
0,
13,
0,
0,
0,
255,
0,
0,
0,
105,
0,
0,
255,
255,
77,
0,
255,
0,
255,
0,
255,
255,
93,
0,
255,
255,
255,
0,
228,
0,
255,
0,
0,
0,
21,
255,
0,
255,
255,
0,
0,
255,
255,
0,
255,
0,
163,
255,
255,
85,
255,
0,
110,
0,
255,
255,
0,
0,
0,
228,
255,
0,
255,
0,
0,
15,
0,
0,
0,
255,
0,
0,
0,
102,
0,
0,
255,
255,
80,
0,
255,
0,
255,
0,
255,
255,
91,
0,
255,
255,
255,
0,
227,
0,
255,
0,
0,
0,
20,
255,
0,
255,
255,
0,
0,
255,
255,
0,
255,
0,
163,
255,
255,
81,
255,
0,
110,
0,
255,
255,
0,
0,
0,
231,
255,
0,
255,
0,
0,
13,
0,
0,
0,
255,
197,
0,
0,
131,
0,
0,
255,
53,
0,
0,
17,
0,
0,
0,
189,
255,
255,
98,
255,
255,
255,
0,
255,
0,
255,
0,
0,
0,
163,
255,
0,
255,
255,
0,
0,
255,
255,
0,
255,
0,
244,
154,
255,
86,
255,
0,
55,
0,
156,
255,
0,
0,
47,
221,
0,
0,
255,
255,
0,
218,
0,
0,
0,
191,
0,
0,
0,
44,
0,
0,
255,
255,
0,
117,
255,
0,
255,
255,
246,
115,
0,
0,
125,
226,
255,
0,
106,
0,
255,
0,
0,
0,
0,
255,
255,
167,
255,
0,
0,
0,
0,
0,
138,
106,
255,
255,
177,
0,
255,
0,
0,
0,
255,
244,
0,
70,
0,
0,
255,
0,
255,
0,
0,
197,
0,
0,
0,
255,
0,
0,
0,
102,
0,
0,
255,
255,
80,
0,
255,
0,
255,
0,
255,
255,
91,
0,
255,
255,
255,
0,
227,
0,
255,
0,
0,
0,
20,
255,
0,
255,
255,
0,
0,
255,
255,
0,
255,
0,
163,
255,
255,
81,
255,
0,
110,
0,
255,
255,
0,
0,
0,
231,
255,
0,
255,
0,
0,
13,
0,
0,
0,
255,
0,
0,
0,
105,
0,
0,
255,
255,
77,
0,
255,
0,
255,
0,
255,
255,
93,
0,
255,
255,
255,
0,
228,
0,
255,
0,
0,
0,
21,
255,
0,
255,
255,
0,
0,
255,
255,
0,
255,
0,
163,
255,
255,
85,
255,
0,
110,
0,
255,
255,
0,
0,
0,
228,
255,
0,
255,
0,
0,
15,
0,
0,
0,
255,
0,
0,
0,
102,
0,
0,
255,
255,
80,
0,
255,
0,
255,
0,
255,
255,
91,
0,
255,
255,
255,
0,
227,
0,
255,
0,
0,
0,
20,
255,
0,
255,
255,
0,
0,
255,
255,
0,
255,
0,
163,
255,
255,
81,
255,
0,
110,
0,
255,
255,
0,
0,
0,
231,
255,
0,
255,
0,
0,
13,
0,
0,
0,
255,
197,
0,
0,
131,
0,
0,
255,
53,
0,
0,
17,
0,
0,
0,
189,
255,
255,
98,
255,
255,
255,
0,
255,
0,
255,
0,
0,
0,
163,
255,
0,
255,
255,
0,
0,
255,
255,
0,
255,
0,
244,
154,
255,
86,
255,
0,
55,
0,
156,
255,
0,
0,
47,
221,
0,
0,
255,
255,
0,
218,
0,
0,
0,
191,
0,
0,
0,
44,
0,
0,
255,
255,
0,
117,
255,
0,
255,
255,
246,
115,
0,
0,
125,
226,
255,
0,
106,
0,
255,
0,
0,
0,
0,
255,
255,
167,
255,
0,
0,
0,
0,
0,
138,
106,
255,
255,
177,
0,
255,
0,
0,
0,
255,
244,
0,
70,
0,
0,
255,
0,
255,
0,
0,
197,
0,
0,
0,
255,
0,
0,
0,
102,
0,
0,
255,
255,
80,
0,
255,
0,
255,
0,
255,
255,
91,
0,
255,
255,
255,
0,
227,
0,
255,
0,
0,
0,
20,
255,
0,
255,
255,
0,
0,
255,
255,
0,
255,
0,
163,
255,
255,
81,
255,
0,
110,
0,
255,
255,
0,
0,
0,
231,
255,
0,
255,
0,
0,
13,
0,
0,
0,
255,
0,
0,
0,
105,
0,
0,
255,
255,
77,
0,
255,
0,
255,
0,
255,
255,
93,
0,
255,
255,
255,
0,
228,
0,
255,
0,
0,
0,
21,
255,
0,
255,
255,
0,
0,
255,
255,
0,
255,
0,
163,
255,
255,
85,
255,
0,
110,
0,
255,
255,
0,
0,
0,
228,
255,
0,
255,
0,
0,
15,
0,
0,
0,
255,
0,
0,
0,
102,
0,
0,
255,
255,
80,
0,
255,
0,
255,
0,
255,
255,
91,
0,
255,
255,
255,
0,
227,
0,
255,
0,
0,
0,
20,
255,
0,
255,
255,
0,
0,
255,
255,
0,
255,
0,
163,
255,
255,
81,
255,
0,
110,
0,
255,
255,
0,
0,
0,
231,
255,
0,
255,
0,
0,
13,
0,
0,
0,
255,
197,
0,
0,
131,
0,
0,
255,
53,
0,
0,
17,
0,
0,
0,
189,
255,
255,
98,
255,
255,
255,
0,
255,
0,
255,
0,
0,
0,
163,
255,
0,
255,
255,
0,
0,
255,
255,
0,
255,
0,
244,
154,
255,
86,
255,
0,
55,
0,
156,
255,
0,
0,
47,
221,
0,
0,
255,
255,
0,
218,
0,
0,
0,
191,
0,
0,
0,
44,
0,
0,
255,
255,
0,
117,
255,
0,
255,
255,
246,
115,
0,
0,
125,
226,
255,
0,
106,
0,
255,
0,
0,
0,
0,
255,
255,
167,
255,
0,
0,
0,
0,
0,
138,
106,
255,
255,
177,
0,
255,
0,
0,
0,
255,
244,
0,
70,
0,
0,
255,
0,
255,
0,
0,
197,
0,
0,
0,
255,
0,
0,
0,
102,
0,
0,
255,
255,
80,
0,
255,
0,
255,
0,
255,
255,
91,
0,
255,
255,
255,
0,
227,
0,
255,
0,
0,
0,
20,
255,
0,
255,
255,
0,
0,
255,
255,
0,
255,
0,
163,
255,
255,
81,
255,
0,
110,
0,
255,
255,
0,
0,
0,
231,
255,
0,
255,
0,
0,
13,
0,
0,
0,
255,
0,
0,
0,
105,
0,
0,
255,
255,
77,
0,
255,
0,
255,
0,
255,
255,
93,
0,
255,
255,
255,
0,
228,
0,
255,
0,
0,
0,
21,
255,
0,
255,
255,
0,
0,
255,
255,
0,
255,
0,
163,
255,
255,
85,
255,
0,
110,
0,
255,
255,
0,
0,
0,
228,
255,
0,
255,
0,
0,
15,
0,
0,
0,
255,
0,
0,
0,
102,
0,
0,
255,
255,
80,
0,
255,
0,
255,
0,
255,
255,
91,
0,
255,
255,
255,
0,
227,
0,
255,
0,
0,
0,
20,
255,
0,
255,
255,
0,
0,
255,
255,
0,
255,
0,
163,
255,
255,
81,
255,
0,
110,
0,
255,
255,
0,
0,
0,
231,
255,
0,
255,
0,
0,
13,
0,
0,
0,
255,
197,
0,
0,
131,
0,
0,
255,
53,
0,
0,
17,
0,
0,
0,
189,
255,
255,
98,
255,
255,
255,
0,
255,
0,
255,
0,
0,
0,
163,
255,
0,
255,
255,
0,
0,
255,
255,
0,
255,
0,
244,
154,
255,
86,
255,
0,
55,
0,
156,
255,
0,
0,
47,
221,
0,
0,
255,
255,
0,
218,
0,
0,
0,
23,
0,
34,
116,
40,
0,
0,
255,
255,
90,
178,
255,
0,
255,
255,
18,
0,
0,
0,
202,
233,
255,
0,
39,
0,
177,
0,
0,
0,
0,
255,
216,
0,
249,
0,
0,
241,
17,
0,
155,
255,
167,
255,
62,
0,
255,
0,
0,
0,
245,
209,
0,
247,
0,
0,
255,
83,
255,
0,
0,
254,
26,
0,
0,
183,
0,
0,
104,
0,
0,
0,
255,
255,
190,
0,
255,
0,
105,
40,
95,
207,
0,
20,
255,
255,
255,
0,
161,
0,
255,
0,
0,
0,
66,
255,
21,
0,
255,
0,
0,
255,
255,
0,
255,
81,
0,
255,
98,
0,
255,
0,
45,
0,
255,
255,
0,
72,
194,
0,
255,
0,
255,
0,
0,
129,
0,
0,
0,
182,
0,
0,
105,
0,
0,
0,
255,
255,
186,
0,
255,
0,
102,
39,
97,
210,
0,
21,
255,
255,
255,
0,
163,
0,
255,
0,
0,
0,
65,
255,
20,
0,
255,
0,
0,
255,
255,
0,
255,
76,
0,
255,
96,
0,
255,
0,
46,
0,
255,
255,
0,
70,
195,
0,
255,
0,
255,
0,
0,
132,
0,
0,
0,
183,
0,
0,
104,
0,
0,
0,
255,
255,
190,
0,
255,
0,
105,
40,
95,
207,
0,
20,
255,
255,
255,
0,
161,
0,
255,
0,
0,
0,
66,
255,
21,
0,
255,
0,
0,
255,
255,
0,
255,
81,
0,
255,
98,
0,
255,
0,
45,
0,
255,
255,
0,
72,
194,
0,
255,
0,
255,
0,
0,
129,
0,
0,
0,
188,
68,
0,
129,
0,
119,
0,
255,
255,
0,
0,
24,
0,
0,
30,
41,
255,
51,
155,
255,
255,
255,
0,
215,
0,
255,
0,
0,
0,
2,
255,
0,
85,
255,
0,
0,
255,
255,
0,
177,
0,
0,
255,
0,
0,
255,
0,
2,
0,
156,
183,
0,
0,
222,
0,
0,
0,
213,
221,
0,
255,
0,
0,
0,
90,
0,
218,
0,
31,
0,
0,
255,
180,
255,
45,
255,
22,
255,
165,
0,
0,
7,
100,
192,
255,
255,
0,
29,
0,
255,
212,
0,
0,
0,
245,
233,
0,
105,
0,
0,
172,
76,
0,
0,
93,
75,
255,
73,
0,
255,
0,
0,
0,
60,
245,
0,
52,
0,
0,
43,
0,
255,
0,
0,
199,
0,
0,
0,
8,
12,
92,
0,
96,
0,
0,
255,
215,
255,
0,
255,
0,
8,
59,
0,
207,
0,
214,
255,
255,
255,
35,
174,
0,
255,
177,
0,
0,
0,
29,
22,
0,
255,
0,
0,
255,
255,
0,
0,
0,
0,
255,
150,
167,
255,
0,
0,
0,
51,
255,
0,
78,
91,
0,
118,
0,
142,
112,
0,
0,
0,
0,
0,
7,
16,
91,
0,
98,
0,
0,
255,
213,
255,
0,
255,
0,
4,
59,
0,
210,
0,
215,
255,
255,
255,
34,
177,
0,
255,
175,
0,
0,
0,
26,
19,
0,
255,
0,
0,
255,
255,
0,
0,
0,
0,
255,
148,
169,
255,
0,
0,
0,
52,
255,
0,
77,
92,
0,
116,
0,
143,
111,
0,
0,
0,
0,
0,
8,
12,
92,
0,
96,
0,
0,
255,
215,
255,
0,
255,
0,
8,
59,
0,
207,
0,
214,
255,
255,
255,
35,
174,
0,
255,
177,
0,
0,
0,
29,
22,
0,
255,
0,
0,
255,
255,
0,
0,
0,
0,
255,
150,
167,
255,
0,
0,
0,
51,
255,
0,
78,
91,
0,
118,
0,
142,
112,
0,
0,
0,
0,
0,
0,
255,
0,
0,
163,
46,
0,
255,
0,
33,
0,
0,
0,
0,
70,
0,
255,
0,
255,
255,
255,
255,
180,
255,
0,
255,
45,
0,
0,
0,
0,
0,
0,
202,
26,
0,
255,
255,
0,
0,
0,
0,
255,
0,
177,
255,
0,
0,
0,
0,
254,
0,
0,
190,
0,
0,
0,
45,
156,
0,
102,
0,
0,
