# _QL_REPLACED__INTEGERIZE_BN2D_UNSIGNED_ACT_PASS_1 (shape [25, 5, 64]),
1,
80,
1,
0,
5,
0,
6,
0,
0,
158,
1,
1,
128,
1,
154,
0,
17,
0,
0,
1,
17,
0,
10,
1,
0,
0,
0,
1,
1,
0,
51,
0,
0,
1,
0,
1,
1,
1,
0,
0,
5,
74,
51,
124,
0,
0,
100,
17,
0,
0,
0,
0,
0,
1,
32,
39,
188,
0,
29,
11,
0,
0,
16,
16,
0,
62,
1,
0,
0,
0,
11,
14,
64,
216,
1,
1,
56,
1,
94,
0,
25,
0,
0,
1,
5,
0,
0,
1,
13,
0,
0,
1,
1,
0,
137,
0,
0,
24,
0,
1,
1,
1,
0,
9,
65,
0,
55,
41,
0,
0,
146,
61,
0,
0,
113,
35,
0,
1,
54,
62,
178,
0,
58,
6,
20,
0,
0,
0,
0,
96,
1,
1,
0,
0,
5,
0,
64,
216,
1,
1,
56,
1,
94,
0,
2,
0,
0,
1,
0,
0,
0,
1,
0,
1,
0,
1,
1,
0,
163,
0,
0,
24,
0,
1,
1,
1,
0,
13,
10,
28,
44,
56,
0,
0,
146,
105,
0,
25,
30,
2,
0,
1,
54,
0,
178,
1,
44,
9,
24,
0,
0,
1,
0,
96,
28,
7,
0,
0,
2,
0,
14,
213,
1,
0,
22,
0,
47,
0,
2,
0,
0,
60,
0,
0,
0,
1,
4,
1,
0,
1,
0,
0,
162,
0,
0,
24,
0,
1,
0,
1,
0,
66,
10,
21,
61,
20,
0,
0,
146,
94,
0,
21,
8,
6,
0,
1,
59,
0,
160,
12,
49,
26,
34,
0,
0,
1,
0,
38,
14,
0,
0,
0,
0,
9,
39,
168,
1,
1,
0,
0,
0,
23,
22,
0,
0,
78,
0,
0,
0,
1,
0,
1,
0,
1,
0,
5,
161,
0,
10,
94,
0,
1,
40,
1,
0,
87,
1,
0,
0,
0,
0,
0,
106,
72,
0,
69,
27,
18,
36,
1,
26,
0,
49,
5,
80,
0,
9,
0,
21,
1,
0,
0,
1,
2,
0,
0,
0,
0,
0,
146,
1,
0,
178,
1,
184,
142,
0,
0,
0,
1,
19,
0,
42,
1,
45,
0,
19,
1,
1,
9,
44,
0,
0,
104,
0,
1,
13,
20,
0,
0,
89,
50,
53,
167,
0,
65,
120,
19,
0,
15,
0,
6,
19,
0,
13,
112,
255,
0,
93,
0,
7,
0,
0,
55,
0,
55,
1,
5,
36,
0,
0,
0,
0,
196,
1,
22,
100,
1,
42,
128,
0,
0,
46,
1,
0,
44,
0,
1,
8,
0,
0,
1,
1,
17,
63,
0,
0,
74,
0,
1,
8,
44,
0,
0,
152,
36,
105,
87,
0,
81,
138,
0,
0,
0,
166,
54,
54,
0,
14,
161,
228,
21,
106,
0,
0,
0,
0,
0,
0,
72,
1,
1,
24,
0,
0,
0,
0,
196,
1,
7,
100,
1,
42,
128,
0,
0,
3,
1,
0,
130,
0,
1,
19,
1,
0,
1,
1,
24,
98,
0,
0,
74,
0,
1,
2,
51,
0,
0,
106,
21,
89,
90,
0,
117,
138,
0,
0,
0,
76,
57,
59,
1,
0,
146,
228,
1,
124,
0,
0,
0,
0,
1,
0,
72,
24,
0,
25,
0,
0,
0,
0,
199,
1,
9,
79,
16,
11,
101,
0,
0,
0,
0,
0,
91,
0,
1,
0,
1,
0,
1,
0,
30,
101,
0,
0,
74,
0,
1,
0,
59,
0,
45,
106,
34,
58,
33,
0,
127,
138,
0,
0,
0,
63,
64,
52,
1,
0,
140,
161,
5,
136,
3,
0,
0,
0,
1,
0,
16,
11,
0,
36,
0,
0,
6,
0,
174,
1,
10,
0,
0,
0,
94,
0,
0,
55,
0,
0,
113,
0,
1,
16,
1,
65,
1,
0,
13,
74,
0,
0,
78,
0,
1,
61,
68,
0,
0,
20,
0,
19,
0,
0,
55,
39,
0,
0,
0,
69,
60,
50,
1,
0,
37,
9,
0,
159,
25,
0,
0,
0,
1,
0,
61,
1,
0,
61,
0,
1,
0,
0,
146,
17,
8,
178,
1,
184,
103,
0,
0,
0,
1,
0,
0,
42,
1,
44,
0,
0,
1,
1,
1,
21,
0,
0,
96,
0,
1,
17,
43,
0,
0,
130,
0,
0,
151,
0,
65,
120,
0,
5,
23,
0,
84,
34,
0,
0,
42,
255,
0,
89,
0,
1,
0,
84,
37,
0,
119,
1,
6,
66,
0,
1,
0,
0,
196,
6,
55,
100,
1,
42,
71,
0,
0,
0,
1,
0,
26,
0,
1,
52,
0,
0,
1,
1,
1,
22,
0,
17,
68,
0,
1,
16,
101,
0,
0,
107,
0,
82,
104,
0,
111,
138,
0,
0,
9,
185,
43,
30,
0,
0,
84,
228,
21,
116,
8,
1,
0,
54,
0,
1,
72,
1,
1,
68,
0,
1,
0,
0,
196,
3,
10,
100,
1,
42,
37,
0,
0,
0,
1,
0,
51,
0,
1,
109,
1,
0,
1,
1,
1,
11,
0,
0,
74,
0,
1,
2,
129,
0,
0,
106,
0,
89,
98,
0,
169,
138,
0,
0,
6,
134,
142,
45,
1,
21,
65,
228,
1,
124,
19,
1,
0,
132,
1,
1,
72,
48,
24,
69,
0,
1,
0,
0,
181,
0,
14,
41,
1,
0,
58,
0,
0,
0,
0,
0,
45,
0,
1,
97,
1,
0,
1,
0,
1,
23,
0,
0,
74,
0,
1,
0,
151,
0,
0,
106,
43,
111,
47,
0,
181,
138,
0,
0,
22,
84,
140,
41,
1,
32,
81,
141,
0,
133,
51,
1,
0,
88,
1,
1,
16,
28,
0,
53,
0,
1,
17,
0,
134,
0,
2,
0,
1,
0,
92,
0,
0,
57,
83,
0,
79,
0,
1,
41,
1,
54,
1,
70,
1,
2,
0,
3,
78,
0,
1,
46,
60,
43,
0,
20,
48,
57,
0,
0,
145,
38,
0,
0,
0,
108,
129,
12,
1,
49,
27,
0,
0,
166,
39,
1,
0,
64,
1,
0,
72,
1,
1,
27,
0,
1,
0,
0,
146,
16,
0,
178,
1,
184,
145,
0,
0,
0,
1,
0,
0,
42,
1,
54,
1,
2,
1,
1,
1,
1,
0,
0,
80,
0,
1,
22,
116,
0,
1,
121,
0,
0,
152,
0,
31,
120,
0,
0,
1,
0,
57,
7,
6,
1,
49,
255,
0,
108,
1,
1,
0,
1,
14,
0,
59,
1,
1,
49,
0,
1,
0,
0,
196,
15,
84,
100,
1,
42,
41,
0,
0,
26,
1,
0,
55,
0,
1,
99,
1,
0,
1,
1,
1,
8,
0,
14,
66,
0,
1,
9,
144,
3,
1,
104,
0,
67,
98,
0,
45,
138,
0,
0,
1,
179,
76,
4,
0,
1,
79,
228,
6,
124,
1,
1,
0,
1,
0,
1,
72,
1,
1,
13,
0,
1,
0,
0,
196,
0,
8,
100,
1,
42,
3,
0,
0,
0,
1,
0,
86,
0,
1,
149,
1,
0,
1,
1,
1,
14,
0,
0,
74,
0,
1,
3,
186,
30,
1,
106,
0,
61,
98,
0,
95,
138,
0,
0,
1,
162,
148,
6,
1,
1,
25,
228,
1,
124,
1,
1,
0,
1,
1,
1,
72,
48,
1,
12,
0,
1,
5,
0,
170,
0,
2,
28,
1,
0,
0,
0,
0,
0,
0,
0,
86,
0,
1,
155,
1,
0,
1,
1,
1,
19,
0,
0,
74,
0,
1,
0,
208,
32,
1,
106,
11,
93,
53,
0,
99,
138,
0,
0,
1,
138,
146,
14,
1,
18,
35,
102,
1,
127,
25,
1,
0,
1,
1,
1,
16,
19,
1,
8,
0,
1,
8,
0,
78,
0,
10,
0,
1,
0,
34,
0,
0,
71,
37,
0,
108,
0,
1,
85,
1,
54,
1,
1,
1,
61,
0,
0,
78,
0,
1,
14,
71,
73,
1,
20,
6,
44,
0,
0,
78,
38,
0,
0,
1,
116,
129,
0,
1,
11,
0,
0,
1,
168,
21,
1,
0,
1,
1,
1,
65,
1,
1,
1,
0,
1,
1,
0,
146,
41,
0,
178,
1,
184,
150,
0,
0,
0,
1,
0,
0,
42,
1,
56,
1,
2,
1,
1,
1,
4,
0,
0,
67,
0,
1,
1,
154,
0,
1,
112,
28,
9,
152,
0,
25,
120,
1,
0,
1,
0,
84,
1,
0,
1,
80,
255,
1,
108,
1,
1,
0,
1,
1,
1,
71,
1,
1,
1,
0,
1,
1,
0,
196,
54,
94,
100,
1,
42,
38,
0,
0,
8,
1,
0,
72,
0,
1,
96,
1,
0,
1,
1,
1,
11,
0,
22,
85,
0,
1,
1,
178,
10,
1,
119,
4,
84,
98,
0,
32,
138,
1,
0,
1,
168,
157,
1,
0,
1,
128,
228,
1,
124,
1,
1,
0,
1,
1,
1,
72,
1,
1,
1,
0,
1,
1,
0,
196,
39,
1,
100,
1,
42,
1,
0,
0,
0,
1,
0,
86,
0,
1,
136,
1,
0,
1,
1,
1,
16,
0,
1,
74,
0,
1,
1,
254,
42,
1,
106,
1,
59,
98,
0,
81,
138,
1,
0,
1,
168,
160,
1,
1,
1,
90,
228,
1,
124,
1,
1,
0,
1,
1,
1,
72,
14,
1,
1,
0,
1,
1,
0,
181,
0,
1,
7,
1,
0,
1,
0,
0,
0,
0,
0,
86,
0,
1,
143,
1,
0,
1,
1,
1,
42,
0,
1,
74,
0,
1,
1,
254,
42,
1,
106,
1,
73,
53,
0,
85,
138,
1,
0,
1,
140,
160,
1,
1,
12,
88,
52,
1,
124,
24,
1,
0,
1,
1,
1,
16,
7,
1,
1,
0,
1,
1,
0,
77,
0,
1,
0,
1,
0,
1,
0,
0,
75,
36,
0,
108,
0,
1,
85,
1,
54,
1,
1,
1,
59,
0,
1,
78,
0,
1,
1,
100,
78,
1,
20,
1,
25,
0,
0,
57,
38,
1,
0,
1,
133,
140,
1,
1,
15,
9,
0,
1,
184,
30,
1,
0,
1,
1,
1,
65,
1,
1,
1,
0,
1,
1,
0,
146,
41,
0,
178,
1,
184,
150,
0,
0,
0,
1,
0,
0,
42,
1,
56,
1,
2,
1,
1,
1,
4,
0,
0,
67,
0,
1,
1,
154,
0,
1,
112,
28,
9,
152,
0,
25,
120,
1,
0,
1,
0,
84,
1,
0,
1,
80,
255,
1,
108,
1,
1,
0,
1,
1,
1,
71,
1,
1,
1,
0,
1,
1,
0,
196,
54,
94,
100,
1,
42,
38,
0,
0,
8,
1,
0,
72,
0,
1,
96,
1,
0,
1,
1,
1,
11,
0,
22,
85,
0,
1,
1,
178,
10,
1,
119,
4,
84,
98,
0,
32,
138,
1,
0,
1,
168,
157,
1,
0,
1,
128,
228,
1,
124,
1,
1,
0,
1,
1,
1,
72,
1,
1,
1,
0,
1,
1,
0,
196,
39,
1,
100,
1,
42,
1,
0,
0,
0,
1,
0,
86,
0,
1,
136,
1,
0,
1,
1,
1,
16,
0,
1,
74,
0,
1,
1,
254,
42,
1,
106,
1,
59,
98,
0,
81,
138,
1,
0,
1,
168,
160,
1,
1,
1,
90,
228,
1,
124,
1,
1,
0,
1,
1,
1,
72,
14,
1,
1,
0,
1,
1,
0,
181,
0,
1,
7,
1,
0,
1,
0,
0,
0,
0,
0,
86,
0,
1,
143,
1,
0,
1,
1,
1,
42,
0,
1,
74,
0,
1,
1,
254,
42,
1,
106,
1,
73,
53,
0,
85,
138,
1,
0,
1,
140,
160,
1,
1,
12,
88,
52,
1,
124,
24,
1,
0,
1,
1,
1,
16,
7,
1,
1,
0,
1,
1,
0,
77,
0,
1,
0,
1,
0,
1,
0,
0,
75,
36,
0,
108,
0,
1,
85,
1,
54,
1,
1,
1,
59,
0,
1,
78,
0,
1,
1,
100,
78,
1,
20,
1,
25,
0,
0,
57,
38,
1,
0,
1,
133,
140,
1,
1,
15,
9,
0,
1,
184,
30,
1,
0,
1,
1,
1,
65,
1,
1,
1,
0,
1,
1,
0,
146,
41,
0,
178,
1,
184,
150,
0,
0,
0,
1,
0,
0,
42,
1,
56,
1,
2,
1,
1,
1,
4,
0,
0,
67,
0,
1,
1,
154,
0,
1,
112,
28,
9,
152,
0,
25,
120,
1,
0,
1,
0,
84,
1,
0,
1,
80,
255,
1,
108,
1,
1,
0,
1,
1,
1,
71,
1,
1,
1,
0,
1,
1,
0,
196,
54,
94,
100,
1,
42,
38,
0,
0,
8,
1,
0,
72,
0,
1,
96,
1,
0,
1,
1,
1,
11,
0,
22,
85,
0,
1,
1,
178,
10,
1,
119,
4,
84,
98,
0,
32,
138,
1,
0,
1,
168,
157,
1,
0,
1,
128,
228,
1,
124,
1,
1,
0,
1,
1,
1,
72,
1,
1,
1,
0,
1,
1,
0,
196,
39,
1,
100,
1,
42,
1,
0,
0,
0,
1,
0,
86,
0,
1,
136,
1,
0,
1,
1,
1,
16,
0,
1,
74,
0,
1,
1,
254,
42,
1,
106,
1,
59,
98,
0,
81,
138,
1,
0,
1,
168,
160,
1,
1,
1,
90,
228,
1,
124,
1,
1,
0,
1,
1,
1,
72,
14,
1,
1,
0,
1,
1,
0,
181,
0,
1,
7,
1,
0,
1,
0,
0,
0,
0,
0,
86,
0,
1,
143,
1,
0,
1,
1,
1,
42,
0,
1,
74,
0,
1,
1,
254,
42,
1,
106,
1,
73,
53,
0,
85,
138,
1,
0,
1,
140,
160,
1,
1,
12,
88,
52,
1,
124,
24,
1,
0,
1,
1,
1,
16,
7,
1,
1,
0,
1,
1,
0,
77,
0,
1,
0,
1,
0,
1,
0,
0,
75,
36,
0,
108,
0,
1,
85,
1,
54,
1,
1,
1,
59,
0,
1,
78,
0,
1,
1,
100,
78,
1,
20,
1,
25,
0,
0,
57,
38,
1,
0,
1,
133,
140,
1,
1,
15,
9,
0,
1,
184,
30,
1,
0,
1,
1,
1,
65,
1,
1,
1,
0,
1,
1,
0,
146,
41,
0,
178,
1,
184,
150,
0,
0,
0,
1,
0,
0,
42,
1,
56,
1,
2,
1,
1,
1,
4,
0,
0,
67,
0,
1,
1,
154,
0,
1,
112,
28,
9,
152,
0,
25,
120,
1,
0,
1,
0,
84,
1,
0,
1,
80,
255,
1,
108,
1,
1,
0,
1,
1,
1,
71,
1,
1,
1,
0,
1,
1,
0,
196,
54,
94,
100,
1,
42,
38,
0,
0,
8,
1,
0,
72,
0,
1,
96,
1,
0,
1,
1,
1,
11,
0,
22,
85,
0,
1,
1,
178,
10,
1,
119,
4,
84,
98,
0,
32,
138,
1,
0,
1,
168,
157,
1,
0,
1,
128,
228,
1,
124,
1,
1,
0,
1,
1,
1,
72,
1,
1,
1,
0,
1,
1,
0,
196,
39,
1,
100,
1,
42,
1,
0,
0,
0,
1,
0,
86,
0,
1,
136,
1,
0,
1,
1,
1,
16,
0,
1,
74,
0,
1,
1,
254,
42,
1,
106,
1,
59,
98,
0,
81,
138,
1,
0,
1,
168,
160,
1,
1,
1,
90,
228,
1,
124,
1,
1,
0,
1,
1,
1,
72,
14,
1,
1,
0,
1,
1,
0,
181,
0,
1,
7,
1,
0,
1,
0,
0,
0,
0,
0,
86,
0,
1,
143,
1,
0,
1,
1,
1,
42,
0,
1,
74,
0,
1,
1,
254,
42,
1,
106,
1,
73,
53,
0,
85,
138,
1,
0,
1,
140,
160,
1,
1,
12,
88,
52,
1,
124,
24,
1,
0,
1,
1,
1,
16,
7,
1,
1,
0,
1,
1,
0,
77,
0,
1,
0,
1,
0,
1,
0,
0,
75,
36,
0,
108,
0,
1,
85,
1,
54,
1,
1,
1,
59,
0,
1,
78,
0,
1,
1,
100,
78,
1,
20,
1,
25,
0,
0,
57,
38,
1,
0,
1,
133,
140,
1,
1,
15,
9,
0,
1,
184,
30,
1,
0,
1,
1,
1,
65,
1,
1,
1,
0,
1,
1,
0,
146,
41,
0,
178,
1,
184,
150,
0,
0,
0,
1,
0,
0,
42,
1,
56,
1,
2,
1,
1,
1,
4,
0,
0,
67,
0,
1,
1,
154,
0,
1,
112,
28,
9,
152,
0,
25,
120,
1,
0,
1,
0,
84,
1,
0,
1,
80,
255,
1,
108,
1,
1,
0,
1,
1,
1,
71,
1,
1,
1,
0,
1,
1,
0,
196,
54,
94,
100,
1,
42,
38,
0,
0,
8,
1,
0,
72,
0,
1,
96,
1,
0,
1,
1,
1,
11,
0,
22,
85,
0,
1,
1,
178,
10,
1,
119,
4,
84,
98,
0,
32,
138,
1,
0,
1,
168,
157,
1,
0,
1,
128,
228,
1,
124,
1,
1,
0,
1,
1,
1,
72,
1,
1,
1,
0,
1,
1,
0,
196,
39,
1,
100,
1,
42,
1,
0,
0,
0,
1,
0,
86,
0,
1,
136,
1,
0,
1,
1,
1,
16,
0,
1,
74,
0,
1,
1,
254,
42,
1,
106,
1,
59,
98,
0,
81,
138,
1,
0,
1,
168,
160,
1,
1,
1,
90,
228,
1,
124,
1,
1,
0,
1,
1,
1,
72,
14,
1,
1,
0,
1,
1,
0,
181,
0,
1,
7,
1,
0,
1,
0,
0,
0,
0,
0,
86,
0,
1,
143,
1,
0,
1,
1,
1,
42,
0,
1,
74,
0,
1,
1,
254,
42,
1,
106,
1,
73,
53,
0,
85,
138,
1,
0,
1,
140,
160,
1,
1,
12,
88,
52,
1,
124,
24,
1,
0,
1,
1,
1,
16,
7,
1,
1,
0,
1,
1,
0,
77,
0,
1,
0,
1,
0,
1,
0,
0,
75,
36,
0,
108,
0,
1,
85,
1,
54,
1,
1,
1,
59,
0,
1,
78,
0,
1,
1,
100,
78,
1,
20,
1,
25,
0,
0,
57,
38,
1,
0,
1,
133,
140,
1,
1,
15,
9,
0,
1,
184,
30,
1,
0,
1,
1,
1,
65,
1,
1,
1,
0,
1,
1,
0,
146,
41,
0,
178,
1,
184,
150,
0,
0,
0,
1,
0,
0,
42,
1,
56,
1,
2,
1,
1,
1,
4,
0,
0,
67,
0,
1,
1,
154,
0,
1,
112,
28,
9,
152,
0,
25,
120,
1,
0,
1,
0,
84,
1,
0,
1,
80,
255,
1,
108,
1,
1,
0,
1,
1,
1,
71,
1,
1,
1,
0,
1,
1,
0,
196,
54,
94,
100,
1,
42,
38,
0,
0,
8,
1,
0,
72,
0,
1,
96,
1,
0,
1,
1,
1,
11,
0,
22,
85,
0,
1,
1,
178,
10,
1,
119,
4,
84,
98,
0,
32,
138,
1,
0,
1,
168,
157,
1,
0,
1,
128,
228,
1,
124,
1,
1,
0,
1,
1,
1,
72,
1,
1,
1,
0,
1,
1,
0,
196,
39,
1,
100,
1,
42,
1,
0,
0,
0,
1,
0,
86,
0,
1,
136,
1,
0,
1,
1,
1,
16,
0,
1,
74,
0,
1,
1,
254,
42,
1,
106,
1,
59,
98,
0,
81,
138,
1,
0,
1,
168,
160,
1,
1,
1,
90,
228,
1,
124,
1,
1,
0,
1,
1,
1,
72,
14,
1,
1,
0,
1,
1,
0,
181,
0,
1,
7,
1,
0,
1,
0,
0,
0,
0,
0,
86,
0,
1,
143,
1,
0,
1,
1,
1,
42,
0,
1,
74,
0,
1,
1,
254,
42,
1,
106,
1,
73,
53,
0,
85,
138,
1,
0,
1,
140,
160,
1,
1,
12,
88,
52,
1,
124,
24,
1,
0,
1,
1,
1,
16,
7,
1,
1,
0,
1,
1,
0,
77,
0,
1,
0,
1,
0,
1,
0,
0,
75,
36,
0,
108,
0,
1,
85,
1,
54,
1,
1,
1,
59,
0,
1,
78,
0,
1,
1,
100,
78,
1,
20,
1,
25,
0,
0,
57,
38,
1,
0,
1,
133,
140,
1,
1,
15,
9,
0,
1,
184,
30,
1,
0,
1,
1,
1,
65,
1,
1,
1,
0,
1,
1,
0,
146,
41,
0,
178,
1,
184,
150,
0,
0,
0,
1,
0,
0,
42,
1,
56,
1,
2,
1,
1,
1,
4,
0,
0,
67,
0,
1,
1,
154,
0,
1,
112,
28,
9,
152,
0,
25,
120,
1,
0,
1,
0,
84,
1,
0,
1,
80,
255,
1,
108,
1,
1,
0,
1,
1,
1,
71,
1,
1,
1,
0,
1,
1,
0,
196,
54,
94,
100,
1,
42,
38,
0,
0,
8,
1,
0,
72,
0,
1,
96,
1,
0,
1,
1,
1,
11,
0,
22,
85,
0,
1,
1,
178,
10,
1,
119,
4,
84,
98,
0,
32,
138,
1,
0,
1,
168,
157,
1,
0,
1,
128,
228,
1,
124,
1,
1,
0,
1,
1,
1,
72,
1,
1,
1,
0,
1,
1,
0,
196,
39,
1,
100,
1,
42,
1,
0,
0,
0,
1,
0,
86,
0,
1,
136,
1,
0,
1,
1,
1,
16,
0,
1,
74,
0,
1,
1,
254,
42,
1,
106,
1,
59,
98,
0,
81,
138,
1,
0,
1,
168,
160,
1,
1,
1,
90,
228,
1,
124,
1,
1,
0,
1,
1,
1,
72,
14,
1,
1,
0,
1,
1,
0,
181,
0,
1,
7,
1,
0,
1,
0,
0,
0,
0,
0,
86,
0,
1,
143,
1,
0,
1,
1,
1,
42,
0,
1,
74,
0,
1,
1,
254,
42,
1,
106,
1,
73,
53,
0,
85,
138,
1,
0,
1,
140,
160,
1,
1,
12,
88,
52,
1,
124,
24,
1,
0,
1,
1,
1,
16,
7,
1,
1,
0,
1,
1,
0,
77,
0,
1,
0,
1,
0,
1,
0,
0,
75,
36,
0,
108,
0,
1,
85,
1,
54,
1,
1,
1,
59,
0,
1,
78,
0,
1,
1,
100,
78,
1,
20,
1,
25,
0,
0,
57,
38,
1,
0,
1,
133,
140,
1,
1,
15,
9,
0,
1,
184,
30,
1,
0,
1,
1,
1,
65,
1,
1,
1,
0,
1,
1,
0,
146,
41,
0,
178,
1,
184,
150,
0,
0,
0,
1,
0,
0,
42,
1,
56,
1,
2,
1,
1,
1,
4,
0,
0,
67,
0,
1,
1,
154,
0,
1,
112,
28,
9,
152,
0,
25,
120,
1,
0,
1,
0,
84,
1,
0,
1,
80,
255,
1,
108,
1,
1,
0,
1,
1,
1,
71,
1,
1,
1,
0,
1,
1,
0,
196,
54,
94,
100,
1,
42,
38,
0,
0,
8,
1,
0,
72,
0,
1,
96,
1,
0,
1,
1,
1,
11,
0,
22,
85,
0,
1,
1,
178,
10,
1,
119,
4,
84,
98,
0,
32,
138,
1,
0,
1,
168,
157,
1,
0,
1,
128,
228,
1,
124,
1,
1,
0,
1,
1,
1,
72,
1,
1,
1,
0,
1,
1,
0,
196,
39,
1,
100,
1,
42,
1,
0,
0,
0,
1,
0,
86,
0,
1,
136,
1,
0,
1,
1,
1,
16,
0,
1,
74,
0,
1,
1,
254,
42,
1,
106,
1,
59,
98,
0,
81,
138,
1,
0,
1,
168,
160,
1,
1,
1,
90,
228,
1,
124,
1,
1,
0,
1,
1,
1,
72,
14,
1,
1,
0,
1,
1,
0,
181,
0,
1,
7,
1,
0,
1,
0,
0,
0,
0,
0,
86,
0,
1,
143,
1,
0,
1,
1,
1,
42,
0,
1,
74,
0,
1,
1,
254,
42,
1,
106,
1,
73,
53,
0,
85,
138,
1,
0,
1,
140,
160,
1,
1,
12,
88,
52,
1,
124,
24,
1,
0,
1,
1,
1,
16,
7,
1,
1,
0,
1,
1,
0,
77,
0,
1,
0,
1,
0,
1,
0,
0,
75,
36,
0,
108,
0,
1,
85,
1,
54,
1,
1,
1,
59,
0,
1,
78,
0,
1,
1,
100,
78,
1,
20,
1,
25,
0,
0,
57,
38,
1,
0,
1,
133,
140,
1,
1,
15,
9,
0,
1,
184,
30,
1,
0,
1,
1,
1,
65,
1,
1,
1,
0,
1,
1,
0,
146,
41,
0,
178,
1,
184,
150,
0,
0,
0,
1,
0,
0,
42,
1,
56,
1,
2,
1,
1,
1,
4,
0,
0,
67,
0,
1,
1,
154,
0,
1,
112,
28,
9,
152,
0,
25,
120,
1,
0,
1,
0,
84,
1,
0,
1,
80,
255,
1,
108,
1,
1,
0,
1,
1,
1,
71,
1,
1,
1,
0,
1,
1,
0,
196,
54,
94,
100,
1,
42,
38,
0,
0,
8,
1,
0,
72,
0,
1,
96,
1,
0,
1,
1,
1,
11,
0,
22,
85,
0,
1,
1,
178,
10,
1,
119,
4,
84,
98,
0,
32,
138,
1,
0,
1,
168,
157,
1,
0,
1,
128,
228,
1,
124,
1,
1,
0,
1,
1,
1,
72,
1,
1,
1,
0,
1,
1,
0,
196,
39,
1,
100,
1,
42,
1,
0,
0,
0,
1,
0,
86,
0,
1,
136,
1,
0,
1,
1,
1,
16,
0,
1,
74,
0,
1,
1,
254,
42,
1,
106,
1,
59,
98,
0,
81,
138,
1,
0,
1,
168,
160,
1,
1,
1,
90,
228,
1,
124,
1,
1,
0,
1,
1,
1,
72,
14,
1,
1,
0,
1,
1,
0,
181,
0,
1,
7,
1,
0,
1,
0,
0,
0,
0,
0,
86,
0,
1,
143,
1,
0,
1,
1,
1,
42,
0,
1,
74,
0,
1,
1,
254,
42,
1,
106,
1,
73,
53,
0,
85,
138,
1,
0,
1,
140,
160,
1,
1,
12,
88,
52,
1,
124,
24,
1,
0,
1,
1,
1,
16,
7,
1,
1,
0,
1,
1,
0,
77,
0,
1,
0,
1,
0,
1,
0,
0,
75,
36,
0,
108,
0,
1,
85,
1,
54,
1,
1,
1,
59,
0,
1,
78,
0,
1,
1,
100,
78,
1,
20,
1,
25,
0,
0,
57,
38,
1,
0,
1,
133,
140,
1,
1,
15,
9,
0,
1,
184,
30,
1,
0,
1,
1,
1,
65,
1,
1,
1,
0,
1,
1,
0,
146,
41,
0,
178,
1,
184,
150,
0,
0,
0,
1,
0,
0,
42,
1,
56,
1,
2,
1,
1,
1,
4,
0,
0,
67,
0,
1,
1,
154,
0,
1,
112,
28,
9,
152,
0,
25,
120,
1,
0,
1,
0,
84,
1,
0,
1,
80,
255,
1,
108,
1,
1,
0,
1,
1,
1,
71,
1,
1,
1,
0,
1,
1,
0,
196,
54,
94,
100,
1,
42,
38,
0,
0,
8,
1,
0,
72,
0,
1,
96,
1,
0,
1,
1,
1,
11,
0,
22,
85,
0,
1,
1,
178,
10,
1,
119,
4,
84,
98,
0,
32,
138,
1,
0,
1,
168,
157,
1,
0,
1,
128,
228,
1,
124,
1,
1,
0,
1,
1,
1,
72,
1,
1,
1,
0,
1,
1,
0,
196,
39,
1,
100,
1,
42,
1,
0,
0,
0,
1,
0,
86,
0,
1,
136,
1,
0,
1,
1,
1,
16,
0,
1,
74,
0,
1,
1,
254,
42,
1,
106,
1,
59,
98,
0,
81,
138,
1,
0,
1,
168,
160,
1,
1,
1,
90,
228,
1,
124,
1,
1,
0,
1,
1,
1,
72,
14,
1,
1,
0,
1,
1,
0,
181,
0,
1,
7,
1,
0,
1,
0,
0,
0,
0,
0,
86,
0,
1,
143,
1,
0,
1,
1,
1,
42,
0,
1,
74,
0,
1,
1,
254,
42,
1,
106,
1,
73,
53,
0,
85,
138,
1,
0,
1,
140,
160,
1,
1,
12,
88,
52,
1,
124,
24,
1,
0,
1,
1,
1,
16,
7,
1,
1,
0,
1,
1,
0,
77,
0,
1,
0,
1,
0,
1,
0,
0,
75,
36,
0,
108,
0,
1,
85,
1,
54,
1,
1,
1,
59,
0,
1,
78,
0,
1,
1,
100,
78,
1,
20,
1,
25,
0,
0,
57,
38,
1,
0,
1,
133,
140,
1,
1,
15,
9,
0,
1,
184,
30,
1,
0,
1,
1,
1,
65,
1,
1,
1,
0,
1,
1,
0,
146,
41,
0,
178,
1,
184,
150,
0,
0,
0,
1,
0,
0,
42,
1,
56,
1,
2,
1,
1,
1,
4,
0,
0,
67,
0,
1,
1,
154,
0,
1,
112,
28,
9,
152,
0,
25,
120,
1,
0,
1,
0,
84,
1,
0,
1,
80,
255,
1,
108,
1,
1,
0,
1,
1,
1,
71,
1,
1,
1,
0,
1,
1,
0,
196,
54,
94,
100,
1,
42,
38,
0,
0,
8,
1,
0,
72,
0,
1,
96,
1,
0,
1,
1,
1,
11,
0,
22,
85,
0,
1,
1,
178,
10,
1,
119,
4,
84,
98,
0,
32,
138,
1,
0,
1,
168,
157,
1,
0,
1,
128,
228,
1,
124,
1,
1,
0,
1,
1,
1,
72,
1,
1,
1,
0,
1,
1,
0,
196,
39,
1,
100,
1,
42,
1,
0,
0,
0,
1,
0,
86,
0,
1,
136,
1,
0,
1,
1,
1,
16,
0,
1,
74,
0,
1,
1,
254,
42,
1,
106,
1,
59,
98,
0,
81,
138,
1,
0,
1,
168,
160,
1,
1,
1,
90,
228,
1,
124,
1,
1,
0,
1,
1,
1,
72,
14,
1,
1,
0,
1,
1,
0,
181,
0,
1,
7,
1,
0,
1,
0,
0,
0,
0,
0,
86,
0,
1,
143,
1,
0,
1,
1,
1,
42,
0,
1,
74,
0,
1,
1,
254,
42,
1,
106,
1,
73,
53,
0,
85,
138,
1,
0,
1,
140,
160,
1,
1,
12,
88,
52,
1,
124,
24,
1,
0,
1,
1,
1,
16,
7,
1,
1,
0,
1,
1,
0,
77,
0,
1,
0,
1,
0,
1,
0,
0,
75,
36,
0,
108,
0,
1,
85,
1,
54,
1,
1,
1,
59,
0,
1,
78,
0,
1,
1,
100,
78,
1,
20,
1,
25,
0,
0,
57,
38,
1,
0,
1,
133,
140,
1,
1,
15,
9,
0,
1,
184,
30,
1,
0,
1,
1,
1,
65,
1,
1,
1,
0,
1,
1,
0,
146,
41,
0,
178,
1,
184,
150,
0,
0,
0,
1,
0,
0,
42,
1,
56,
1,
2,
1,
1,
1,
4,
0,
0,
67,
0,
1,
1,
154,
0,
1,
112,
28,
9,
152,
0,
25,
120,
1,
0,
1,
0,
84,
1,
0,
1,
80,
255,
1,
108,
1,
1,
0,
1,
1,
1,
71,
1,
1,
1,
0,
1,
1,
0,
196,
54,
94,
100,
1,
42,
38,
0,
0,
8,
1,
0,
72,
0,
1,
96,
1,
0,
1,
1,
1,
11,
0,
22,
85,
0,
1,
1,
178,
10,
1,
119,
4,
84,
98,
0,
32,
138,
1,
0,
1,
168,
157,
1,
0,
1,
128,
228,
1,
124,
1,
1,
0,
1,
1,
1,
72,
1,
1,
1,
0,
1,
1,
0,
196,
39,
1,
100,
1,
42,
1,
0,
0,
0,
1,
0,
86,
0,
1,
136,
1,
0,
1,
1,
1,
16,
0,
1,
74,
0,
1,
1,
254,
42,
1,
106,
1,
59,
98,
0,
81,
138,
1,
0,
1,
168,
160,
1,
1,
1,
90,
228,
1,
124,
1,
1,
0,
1,
1,
1,
72,
14,
1,
1,
0,
1,
1,
0,
181,
0,
1,
7,
1,
0,
1,
0,
0,
0,
0,
0,
86,
0,
1,
143,
1,
0,
1,
1,
1,
42,
0,
1,
74,
0,
1,
1,
254,
42,
1,
106,
1,
73,
53,
0,
85,
138,
1,
0,
1,
140,
160,
1,
1,
12,
88,
52,
1,
124,
24,
1,
0,
1,
1,
1,
16,
7,
1,
1,
0,
1,
1,
0,
77,
0,
1,
0,
1,
0,
1,
0,
0,
75,
36,
0,
108,
0,
1,
85,
1,
54,
1,
1,
1,
59,
0,
1,
78,
0,
1,
1,
100,
78,
1,
20,
1,
25,
0,
0,
57,
38,
1,
0,
1,
133,
140,
1,
1,
15,
9,
0,
1,
184,
30,
1,
0,
1,
1,
1,
65,
1,
1,
1,
0,
1,
1,
0,
146,
41,
0,
178,
1,
184,
150,
0,
0,
0,
1,
0,
0,
42,
1,
56,
1,
2,
1,
1,
1,
4,
0,
0,
67,
0,
1,
1,
154,
0,
1,
112,
28,
9,
152,
0,
25,
120,
1,
0,
1,
0,
84,
1,
0,
1,
80,
255,
1,
108,
1,
1,
0,
1,
1,
1,
71,
1,
1,
1,
0,
1,
1,
0,
196,
54,
94,
100,
1,
42,
38,
0,
0,
8,
1,
0,
72,
0,
1,
96,
1,
0,
1,
1,
1,
11,
0,
22,
85,
0,
1,
1,
178,
10,
1,
119,
4,
84,
98,
0,
32,
138,
1,
0,
1,
168,
157,
1,
0,
1,
128,
228,
1,
124,
1,
1,
0,
1,
1,
1,
72,
1,
1,
1,
0,
1,
1,
0,
196,
39,
1,
100,
1,
42,
1,
0,
0,
0,
1,
0,
86,
0,
1,
136,
1,
0,
1,
1,
1,
16,
0,
1,
74,
0,
1,
1,
254,
42,
1,
106,
1,
59,
98,
0,
81,
138,
1,
0,
1,
168,
160,
1,
1,
1,
90,
228,
1,
124,
1,
1,
0,
1,
1,
1,
72,
14,
1,
1,
0,
1,
1,
0,
181,
0,
1,
7,
1,
0,
1,
0,
0,
0,
0,
0,
86,
0,
1,
143,
1,
0,
1,
1,
1,
42,
0,
1,
74,
0,
1,
1,
254,
42,
1,
106,
1,
73,
53,
0,
85,
138,
1,
0,
1,
140,
160,
1,
1,
12,
88,
52,
1,
124,
24,
1,
0,
1,
1,
1,
16,
7,
1,
1,
0,
1,
1,
0,
77,
0,
1,
0,
1,
0,
1,
0,
0,
75,
36,
0,
108,
0,
1,
85,
1,
54,
1,
1,
1,
59,
0,
1,
78,
0,
1,
1,
100,
78,
1,
20,
1,
25,
0,
0,
57,
38,
1,
0,
1,
133,
140,
1,
1,
15,
9,
0,
1,
184,
30,
1,
0,
1,
1,
1,
65,
1,
1,
1,
0,
1,
1,
0,
146,
41,
0,
178,
1,
184,
150,
0,
0,
0,
1,
0,
0,
42,
1,
56,
1,
2,
1,
1,
1,
4,
0,
0,
67,
0,
1,
1,
154,
0,
1,
112,
28,
9,
152,
0,
25,
120,
1,
0,
1,
0,
84,
1,
0,
1,
80,
255,
1,
108,
1,
1,
0,
1,
1,
1,
71,
1,
1,
1,
0,
1,
1,
0,
196,
54,
94,
100,
1,
42,
38,
0,
0,
8,
1,
0,
72,
0,
1,
96,
1,
0,
1,
1,
1,
11,
0,
22,
85,
0,
1,
1,
178,
10,
1,
119,
4,
84,
98,
0,
32,
138,
1,
0,
1,
168,
157,
1,
0,
1,
128,
228,
1,
124,
1,
1,
0,
1,
1,
1,
72,
1,
1,
1,
0,
1,
1,
0,
196,
39,
1,
100,
1,
42,
1,
0,
0,
0,
1,
0,
86,
0,
1,
136,
1,
0,
1,
1,
1,
16,
0,
1,
74,
0,
1,
1,
254,
42,
1,
106,
1,
59,
98,
0,
81,
138,
1,
0,
1,
168,
160,
1,
1,
1,
90,
228,
1,
124,
1,
1,
0,
1,
1,
1,
72,
14,
1,
1,
0,
1,
1,
0,
181,
0,
1,
7,
1,
0,
1,
0,
0,
0,
0,
0,
86,
0,
1,
143,
1,
0,
1,
1,
1,
42,
0,
1,
74,
0,
1,
1,
254,
42,
1,
106,
1,
73,
53,
0,
85,
138,
1,
0,
1,
140,
160,
1,
1,
12,
88,
52,
1,
124,
24,
1,
0,
1,
1,
1,
16,
7,
1,
1,
0,
1,
1,
0,
77,
0,
1,
0,
1,
0,
1,
0,
0,
75,
36,
0,
108,
0,
1,
85,
1,
54,
1,
1,
1,
59,
0,
1,
78,
0,
1,
1,
100,
78,
1,
20,
1,
25,
0,
0,
57,
38,
1,
0,
1,
133,
140,
1,
1,
15,
9,
0,
1,
184,
30,
1,
0,
1,
1,
1,
65,
1,
1,
1,
0,
1,
1,
0,
146,
41,
0,
178,
1,
184,
150,
0,
0,
0,
1,
0,
0,
42,
1,
56,
1,
2,
1,
1,
1,
4,
0,
0,
67,
0,
1,
1,
154,
0,
1,
112,
28,
9,
152,
0,
25,
120,
1,
0,
1,
0,
84,
1,
0,
1,
80,
255,
1,
108,
1,
1,
0,
1,
1,
1,
71,
1,
1,
1,
0,
1,
1,
0,
196,
54,
94,
100,
1,
42,
38,
0,
0,
8,
1,
0,
72,
0,
1,
96,
1,
0,
1,
1,
1,
11,
0,
22,
85,
0,
1,
1,
178,
10,
1,
119,
4,
84,
98,
0,
32,
138,
1,
0,
1,
168,
157,
1,
0,
1,
128,
228,
1,
124,
1,
1,
0,
1,
1,
1,
72,
1,
1,
1,
0,
1,
1,
0,
196,
39,
1,
100,
1,
42,
1,
0,
0,
0,
1,
0,
86,
0,
1,
136,
1,
0,
1,
1,
1,
16,
0,
1,
74,
0,
1,
1,
254,
42,
1,
106,
1,
59,
98,
0,
81,
138,
1,
0,
1,
168,
160,
1,
1,
1,
90,
228,
1,
124,
1,
1,
0,
1,
1,
1,
72,
14,
1,
1,
0,
1,
1,
0,
181,
0,
1,
7,
1,
0,
1,
0,
0,
0,
0,
0,
86,
0,
1,
143,
1,
0,
1,
1,
1,
42,
0,
1,
74,
0,
1,
1,
254,
42,
1,
106,
1,
73,
53,
0,
85,
138,
1,
0,
1,
140,
160,
1,
1,
12,
88,
52,
1,
124,
24,
1,
0,
1,
1,
1,
16,
7,
1,
1,
0,
1,
1,
0,
77,
0,
1,
0,
1,
0,
1,
0,
0,
75,
36,
0,
108,
0,
1,
85,
1,
54,
1,
1,
1,
59,
0,
1,
78,
0,
1,
1,
100,
78,
1,
20,
1,
25,
0,
0,
57,
38,
1,
0,
1,
133,
140,
1,
1,
15,
9,
0,
1,
184,
30,
1,
0,
1,
1,
1,
65,
1,
1,
1,
0,
1,
1,
0,
146,
41,
0,
178,
1,
184,
150,
0,
0,
0,
1,
0,
0,
42,
1,
56,
1,
2,
1,
1,
1,
4,
0,
0,
67,
0,
1,
1,
154,
0,
1,
112,
28,
9,
152,
0,
25,
120,
1,
0,
1,
0,
84,
1,
0,
1,
80,
255,
1,
108,
1,
1,
0,
1,
1,
1,
71,
1,
1,
1,
0,
1,
1,
0,
196,
54,
94,
100,
1,
42,
38,
0,
0,
8,
1,
0,
72,
0,
1,
96,
1,
0,
1,
1,
1,
11,
0,
22,
85,
0,
1,
1,
178,
10,
1,
119,
4,
84,
98,
0,
32,
138,
1,
0,
1,
168,
157,
1,
0,
1,
128,
228,
1,
124,
1,
1,
0,
1,
1,
1,
72,
1,
1,
1,
0,
1,
1,
0,
196,
39,
1,
100,
1,
42,
1,
0,
0,
0,
1,
0,
86,
0,
1,
136,
1,
0,
1,
1,
1,
16,
0,
1,
74,
0,
1,
1,
254,
42,
1,
106,
1,
59,
98,
0,
81,
138,
1,
0,
1,
168,
160,
1,
1,
1,
90,
228,
1,
124,
1,
1,
0,
1,
1,
1,
72,
14,
1,
1,
0,
1,
1,
0,
181,
0,
1,
7,
1,
0,
1,
0,
0,
0,
0,
0,
86,
0,
1,
143,
1,
0,
1,
1,
1,
42,
0,
1,
74,
0,
1,
1,
254,
42,
1,
106,
1,
73,
53,
0,
85,
138,
1,
0,
1,
140,
160,
1,
1,
12,
88,
52,
1,
124,
24,
1,
0,
1,
1,
1,
16,
7,
1,
1,
0,
1,
1,
0,
77,
0,
1,
0,
1,
0,
1,
0,
0,
75,
36,
0,
108,
0,
1,
85,
1,
54,
1,
1,
1,
59,
0,
1,
78,
0,
1,
1,
100,
78,
1,
20,
1,
25,
0,
0,
57,
38,
1,
0,
1,
133,
140,
1,
1,
15,
9,
0,
1,
184,
30,
1,
0,
1,
1,
1,
65,
1,
1,
1,
0,
1,
1,
0,
146,
41,
0,
178,
1,
184,
150,
0,
0,
0,
1,
0,
0,
42,
1,
56,
1,
2,
1,
1,
1,
4,
0,
0,
67,
0,
1,
1,
154,
0,
1,
112,
28,
9,
152,
0,
25,
120,
1,
0,
1,
0,
84,
1,
0,
1,
80,
255,
1,
108,
1,
1,
0,
1,
1,
1,
71,
1,
1,
1,
0,
1,
1,
0,
196,
54,
94,
100,
1,
42,
38,
0,
0,
8,
1,
0,
72,
0,
1,
96,
1,
0,
1,
1,
1,
11,
0,
22,
85,
0,
1,
1,
178,
10,
1,
119,
4,
84,
98,
0,
32,
138,
1,
0,
1,
168,
157,
1,
0,
1,
128,
228,
1,
124,
1,
1,
0,
1,
1,
1,
72,
1,
1,
1,
0,
1,
1,
0,
196,
39,
1,
100,
1,
42,
1,
0,
0,
0,
1,
0,
86,
0,
1,
136,
1,
0,
1,
1,
1,
16,
0,
1,
74,
0,
1,
1,
254,
42,
1,
106,
1,
59,
98,
0,
81,
138,
1,
0,
1,
168,
160,
1,
1,
1,
90,
228,
1,
124,
1,
1,
0,
1,
1,
1,
72,
14,
1,
1,
0,
1,
1,
0,
181,
0,
1,
7,
1,
0,
1,
0,
0,
0,
0,
0,
86,
0,
1,
143,
1,
0,
1,
1,
1,
42,
0,
1,
74,
0,
1,
1,
254,
42,
1,
106,
1,
73,
53,
0,
85,
138,
1,
0,
1,
140,
160,
1,
1,
12,
88,
52,
1,
124,
24,
1,
0,
1,
1,
1,
16,
7,
1,
1,
0,
1,
1,
0,
77,
0,
1,
0,
1,
0,
1,
0,
0,
75,
36,
0,
108,
0,
1,
85,
1,
54,
1,
1,
1,
59,
0,
1,
78,
0,
1,
1,
100,
78,
1,
20,
1,
25,
0,
0,
57,
38,
1,
0,
1,
133,
140,
1,
1,
15,
9,
0,
1,
184,
30,
1,
0,
1,
1,
1,
65,
1,
1,
1,
0,
1,
1,
0,
146,
41,
0,
178,
1,
184,
150,
0,
0,
0,
1,
0,
0,
42,
1,
56,
1,
2,
1,
1,
1,
4,
0,
0,
67,
0,
1,
1,
154,
0,
1,
112,
28,
9,
152,
0,
25,
120,
1,
0,
1,
0,
84,
1,
0,
1,
80,
255,
1,
108,
1,
1,
0,
1,
1,
1,
71,
1,
1,
1,
0,
1,
1,
0,
196,
54,
94,
100,
1,
42,
38,
0,
0,
8,
1,
0,
72,
0,
1,
96,
1,
0,
1,
1,
1,
11,
0,
22,
85,
0,
1,
1,
178,
10,
1,
119,
4,
84,
98,
0,
32,
138,
1,
0,
1,
168,
157,
1,
0,
1,
128,
228,
1,
124,
1,
1,
0,
1,
1,
1,
72,
1,
1,
1,
0,
1,
1,
0,
196,
39,
1,
100,
1,
42,
1,
0,
0,
0,
1,
0,
86,
0,
1,
136,
1,
0,
1,
1,
1,
16,
0,
1,
74,
0,
1,
1,
254,
42,
1,
106,
1,
59,
98,
0,
81,
138,
1,
0,
1,
168,
160,
1,
1,
1,
90,
228,
1,
124,
1,
1,
0,
1,
1,
1,
72,
14,
1,
1,
0,
1,
1,
0,
181,
0,
1,
7,
1,
0,
1,
0,
0,
0,
0,
0,
86,
0,
1,
143,
1,
0,
1,
1,
1,
42,
0,
1,
74,
0,
1,
1,
254,
42,
1,
106,
1,
73,
53,
0,
85,
138,
1,
0,
1,
140,
160,
1,
1,
12,
88,
52,
1,
124,
24,
1,
0,
1,
1,
1,
16,
7,
1,
1,
0,
1,
1,
0,
77,
0,
1,
0,
1,
0,
1,
0,
0,
75,
36,
0,
108,
0,
1,
85,
1,
54,
1,
1,
1,
59,
0,
1,
78,
0,
1,
1,
100,
78,
1,
20,
1,
25,
0,
0,
57,
38,
1,
0,
1,
133,
140,
1,
1,
15,
9,
0,
1,
184,
30,
1,
0,
1,
1,
1,
103,
1,
0,
0,
0,
1,
1,
0,
146,
52,
0,
178,
1,
157,
140,
71,
0,
0,
5,
0,
0,
42,
1,
52,
1,
21,
1,
1,
1,
4,
0,
0,
88,
0,
1,
1,
224,
0,
1,
118,
82,
0,
152,
0,
21,
120,
1,
0,
1,
0,
73,
1,
0,
55,
109,
255,
6,
108,
1,
1,
0,
0,
1,
1,
79,
1,
0,
0,
0,
1,
1,
0,
196,
57,
110,
100,
1,
2,
32,
48,
0,
0,
12,
0,
75,
0,
1,
97,
1,
0,
1,
1,
1,
15,
0,
28,
85,
0,
1,
1,
203,
11,
1,
117,
0,
72,
98,
0,
52,
138,
1,
0,
1,
165,
163,
1,
0,
94,
149,
228,
0,
124,
1,
1,
0,
7,
1,
1,
82,
1,
1,
0,
0,
1,
1,
0,
196,
42,
1,
100,
1,
27,
0,
36,
0,
0,
6,
0,
86,
0,
1,
137,
1,
0,
1,
1,
1,
18,
0,
6,
68,
0,
1,
1,
254,
42,
1,
106,
14,
53,
98,
0,
88,
138,
1,
0,
1,
168,
160,
1,
0,
94,
149,
228,
1,
124,
1,
1,
0,
1,
1,
1,
83,
0,
1,
0,
0,
21,
1,
0,
196,
0,
1,
9,
1,
0,
0,
40,
0,
0,
11,
0,
86,
0,
1,
142,
1,
0,
1,
1,
1,
47,
0,
3,
56,
0,
1,
1,
254,
42,
1,
87,
3,
45,
76,
0,
89,
138,
1,
0,
1,
140,
171,
1,
0,
99,
144,
52,
1,
128,
16,
1,
0,
1,
1,
1,
34,
0,
1,
0,
0,
9,
1,
0,
119,
0,
1,
0,
1,
0,
4,
17,
0,
51,
47,
0,
108,
0,
1,
86,
1,
54,
1,
1,
1,
44,
0,
1,
43,
0,
1,
1,
100,
78,
1,
0,
0,
76,
0,
0,
67,
38,
1,
0,
1,
133,
120,
1,
0,
49,
39,
0,
1,
172,
35,
1,
0,
1,
1,
1,
16,
4,
0,
21,
0,
1,
1,
0,
127,
55,
0,
178,
0,
139,
133,
13,
0,
3,
76,
0,
0,
42,
8,
51,
1,
0,
15,
1,
1,
6,
0,
0,
91,
0,
1,
1,
153,
0,
1,
2,
7,
0,
152,
0,
10,
120,
1,
12,
1,
0,
89,
1,
0,
47,
46,
220,
0,
119,
29,
1,
0,
0,
1,
1,
52,
8,
0,
27,
0,
1,
1,
0,
175,
39,
90,
100,
7,
0,
44,
0,
0,
25,
77,
0,
82,
0,
3,
90,
1,
0,
33,
1,
1,
23,
0,
19,
69,
0,
1,
1,
198,
10,
1,
0,
32,
41,
98,
0,
0,
138,
1,
0,
1,
91,
153,
1,
0,
67,
72,
131,
15,
100,
15,
1,
0,
0,
1,
1,
69,
7,
0,
26,
0,
1,
1,
0,
179,
22,
1,
100,
1,
0,
12,
0,
0,
22,
39,
0,
86,
0,
9,
128,
1,
0,
30,
1,
1,
42,
0,
3,
50,
0,
1,
1,
254,
42,
1,
0,
7,
4,
98,
0,
32,
138,
1,
0,
1,
90,
160,
1,
0,
23,
96,
141,
1,
127,
26,
1,
0,
1,
1,
1,
68,
26,
0,
22,
0,
41,
1,
0,
174,
0,
1,
4,
1,
0,
7,
0,
0,
10,
12,
0,
86,
0,
41,
139,
1,
0,
20,
1,
1,
61,
0,
0,
40,
0,
1,
1,
254,
42,
1,
13,
16,
0,
95,
0,
33,
138,
1,
0,
1,
68,
154,
1,
0,
46,
94,
8,
1,
140,
1,
1,
0,
1,
1,
1,
56,
27,
0,
51,
0,
36,
1,
0,
116,
0,
1,
0,
1,
0,
19,
0,
0,
62,
3,
0,
108,
0,
0,
91,
1,
54,
16,
1,
1,
19,
0,
2,
0,
0,
4,
1,
100,
78,
1,
0,
21,
43,
0,
0,
21,
38,
1,
0,
1,
78,
150,
1,
0,
0,
50,
0,
1,
142,
52,
1,
0,
1,
1,
1,
23,
1,
0,
35,
0,
1,
1,
38,
50,
104,
0,
102,
0,
96,
109,
0,
0,
0,
0,
0,
0,
8,
0,
49,
1,
24,
0,
1,
1,
11,
0,
0,
1,
0,
1,
1,
100,
0,
1,
61,
0,
10,
16,
0,
38,
88,
1,
8,
1,
0,
45,
1,
18,
0,
1,
133,
0,
66,
0,
1,
0,
0,
1,
1,
33,
1,
23,
72,
0,
1,
1,
42,
70,
59,
66,
92,
0,
0,
50,
0,
0,
0,
0,
0,
0,
0,
0,
47,
1,
69,
16,
1,
1,
10,
0,
10,
1,
0,
1,
1,
129,
28,
1,
78,
14,
45,
28,
0,
59,
48,
1,
0,
1,
29,
150,
1,
0,
1,
1,
71,
22,
130,
0,
1,
0,
8,
1,
1,
0,
4,
0,
68,
0,
1,
1,
42,
73,
75,
1,
92,
1,
0,
34,
0,
0,
1,
0,
0,
0,
0,
0,
100,
1,
56,
12,
1,
1,
5,
0,
0,
1,
0,
1,
1,
132,
58,
1,
96,
0,
1,
28,
0,
92,
48,
1,
0,
1,
29,
166,
1,
0,
26,
1,
58,
1,
108,
0,
1,
0,
1,
1,
1,
0,
0,
19,
70,
0,
6,
1,
42,
61,
18,
1,
49,
1,
0,
38,
0,
0,
1,
0,
0,
0,
0,
0,
124,
1,
56,
8,
1,
1,
0,
0,
0,
22,
0,
0,
1,
132,
58,
1,
73,
5,
1,
28,
0,
95,
48,
1,
0,
1,
27,
157,
1,
0,
32,
1,
0,
1,
120,
0,
1,
0,
1,
1,
1,
0,
0,
16,
61,
0,
0,
1,
0,
16,
0,
1,
0,
1,
0,
32,
0,
0,
15,
0,
0,
60,
0,
17,
39,
1,
150,
21,
1,
1,
0,
12,
2,
13,
0,
0,
1,
1,
100,
1,
28,
3,
1,
0,
0,
55,
0,
1,
2,
1,
63,
103,
1,
0,
50,
1,
0,
1,
112,
21,
1,
0,
1,
1,
