# input (shape [1, 49, 10]),
52.00,
141.00,
127.00,
122.00,
128.00,
131.00,
128.00,
126.00,
125.00,
127.00,
50.00,
138.00,
127.00,
124.00,
126.00,
131.00,
128.00,
127.00,
127.00,
127.00,
48.00,
135.00,
129.00,
124.00,
123.00,
130.00,
126.00,
128.00,
129.00,
127.00,
51.00,
135.00,
128.00,
124.00,
123.00,
129.00,
128.00,
129.00,
128.00,
128.00,
49.00,
137.00,
129.00,
125.00,
124.00,
128.00,
128.00,
131.00,
128.00,
129.00,
49.00,
137.00,
128.00,
125.00,
127.00,
128.00,
128.00,
130.00,
128.00,
128.00,
50.00,
138.00,
128.00,
125.00,
124.00,
127.00,
128.00,
127.00,
128.00,
128.00,
51.00,
138.00,
129.00,
128.00,
126.00,
127.00,
127.00,
126.00,
128.00,
127.00,
53.00,
136.00,
128.00,
126.00,
125.00,
128.00,
127.00,
127.00,
126.00,
128.00,
51.00,
136.00,
129.00,
127.00,
125.00,
128.00,
128.00,
128.00,
128.00,
128.00,
51.00,
139.00,
128.00,
128.00,
127.00,
129.00,
127.00,
127.00,
127.00,
128.00,
52.00,
142.00,
129.00,
127.00,
128.00,
131.00,
127.00,
126.00,
127.00,
127.00,
54.00,
143.00,
128.00,
126.00,
129.00,
131.00,
128.00,
128.00,
128.00,
126.00,
54.00,
139.00,
127.00,
124.00,
127.00,
129.00,
128.00,
128.00,
128.00,
128.00,
57.00,
139.00,
127.00,
123.00,
124.00,
128.00,
128.00,
129.00,
128.00,
128.00,
56.00,
142.00,
128.00,
122.00,
123.00,
126.00,
128.00,
129.00,
128.00,
128.00,
61.00,
143.00,
128.00,
121.00,
124.00,
125.00,
127.00,
128.00,
128.00,
129.00,
64.00,
145.00,
128.00,
120.00,
121.00,
125.00,
126.00,
127.00,
128.00,
130.00,
64.00,
144.00,
128.00,
119.00,
121.00,
125.00,
127.00,
126.00,
127.00,
128.00,
62.00,
143.00,
127.00,
119.00,
123.00,
126.00,
127.00,
126.00,
127.00,
128.00,
61.00,
144.00,
126.00,
121.00,
126.00,
128.00,
128.00,
126.00,
127.00,
128.00,
60.00,
144.00,
127.00,
121.00,
128.00,
129.00,
128.00,
128.00,
128.00,
128.00,
60.00,
143.00,
126.00,
122.00,
127.00,
128.00,
130.00,
128.00,
127.00,
127.00,
57.00,
141.00,
127.00,
122.00,
127.00,
128.00,
129.00,
127.00,
127.00,
126.00,
55.00,
139.00,
125.00,
124.00,
128.00,
128.00,
126.00,
127.00,
127.00,
127.00,
64.00,
139.00,
125.00,
124.00,
129.00,
128.00,
124.00,
127.00,
128.00,
127.00,
76.00,
135.00,
126.00,
121.00,
128.00,
126.00,
125.00,
127.00,
128.00,
127.00,
79.00,
130.00,
128.00,
120.00,
128.00,
126.00,
126.00,
128.00,
127.00,
128.00,
77.00,
130.00,
129.00,
122.00,
128.00,
128.00,
128.00,
128.00,
128.00,
128.00,
80.00,
130.00,
132.00,
123.00,
128.00,
126.00,
129.00,
128.00,
128.00,
128.00,
81.00,
133.00,
134.00,
124.00,
128.00,
126.00,
128.00,
127.00,
126.00,
127.00,
78.00,
134.00,
132.00,
121.00,
126.00,
128.00,
128.00,
128.00,
125.00,
126.00,
80.00,
133.00,
134.00,
123.00,
126.00,
127.00,
128.00,
129.00,
127.00,
126.00,
96.00,
135.00,
135.00,
125.00,
126.00,
127.00,
128.00,
127.00,
127.00,
127.00,
104.00,
141.00,
134.00,
126.00,
127.00,
127.00,
126.00,
125.00,
126.00,
125.00,
111.00,
141.00,
138.00,
128.00,
125.00,
127.00,
124.00,
124.00,
126.00,
128.00,
113.00,
141.00,
138.00,
128.00,
125.00,
126.00,
122.00,
124.00,
126.00,
128.00,
116.00,
140.00,
138.00,
127.00,
126.00,
126.00,
123.00,
124.00,
127.00,
129.00,
115.00,
139.00,
137.00,
128.00,
123.00,
127.00,
123.00,
123.00,
127.00,
128.00,
114.00,
140.00,
136.00,
128.00,
123.00,
127.00,
124.00,
125.00,
128.00,
128.00,
113.00,
141.00,
134.00,
130.00,
122.00,
126.00,
125.00,
124.00,
128.00,
127.00,
113.00,
142.00,
132.00,
130.00,
122.00,
125.00,
127.00,
127.00,
126.00,
127.00,
111.00,
144.00,
130.00,
129.00,
126.00,
123.00,
125.00,
128.00,
127.00,
126.00,
111.00,
145.00,
129.00,
128.00,
127.00,
123.00,
125.00,
127.00,
128.00,
128.00,
113.00,
146.00,
129.00,
129.00,
126.00,
122.00,
125.00,
128.00,
128.00,
128.00,
116.00,
147.00,
128.00,
127.00,
126.00,
123.00,
127.00,
128.00,
128.00,
128.00,
119.00,
147.00,
126.00,
126.00,
125.00,
124.00,
128.00,
127.00,
128.00,
129.00,
120.00,
147.00,
125.00,
125.00,
126.00,
125.00,
128.00,
127.00,
128.00,
128.00,
118.00,
147.00,
126.00,
123.00,
126.00,
127.00,
127.00,
128.00,
127.00,
128.00,



